,seqName,start,end,clusterID,avgTPM,strand,percentSupporting,protocolsSupporting,avgTPM2,type,upstreamClusters
568054,Y,2786855,2786857,Y:2786856:-,0.0459,-,0.01,2,0.0459,TE,AATAAA@-21@2786876
568055,Y,2808523,2808524,Y:2808524:-,0.0004,-,0.0,1,0.0004,IG,
568056,Y,2833790,2833791,Y:2833791:-,0.0013,-,0.0,1,0.0013,IN,AATAAA@-15@2833805
568057,Y,2834932,2834934,Y:2834933:-,0.0012,-,0.0,1,0.0012,IN,AACAAA@-16@2834948
568058,Y,2844166,2844176,Y:2844176:+,0.059,+,0.01,1,0.059,EX,AATAGA@-34@2844143
568059,Y,2845141,2845142,Y:2845142:-,0.0011,-,0.01,1,0.0011,AI,AACAAA@-29@2845170
568060,Y,2854608,2854611,Y:2854610:+,0.0255,+,0.01,2,0.0255,EX,
568061,Y,2865142,2865154,Y:2865150:+,0.36,+,0.04,1,0.36,EX,
568063,Y,2865312,2865316,Y:2865316:+,0.0326,+,0.02,3,0.0326,IN,CATAAA@-20@2865297
568064,Y,2866815,2866848,Y:2866824:+,0.4448,+,0.08,2,0.4448,TE,AATAAA@-29@2866796
568066,Y,2866888,2866933,Y:2866913:-,2.8698,-,0.09,1,2.8698,AE,AAGAAA@-42@2866954;AAGAAA@-11@2866923
568069,Y,2867165,2867167,Y:2867167:+,0.0028,+,0.0,1,0.0028,TE,
568070,Y,2867259,2867272,Y:2867265:+,0.1947,+,0.05,3,0.1947,TE,ATTAAA@-21@2867245
568071,Y,2879761,2879762,Y:2879762:-,0.0063,-,0.0,1,0.0063,AI,
568072,Y,2880842,2880846,Y:2880844:+,0.0446,+,0.01,2,0.0446,IN,AGTAAA@-22@2880823
568073,Y,2912076,2912077,Y:2912077:-,0.0568,-,0.0,1,0.0568,AI,AACAAA@-35@2912111
568074,Y,2921881,2921882,Y:2921882:-,0.0012,-,0.0,1,0.0012,AI,
568075,Y,2925095,2925096,Y:2925096:+,0.0022,+,0.01,1,0.0022,IN,AACAAA@-38@2925059
568076,Y,2934409,2934418,Y:2934411:-,0.2127,-,0.07,5,0.2127,TE,ATTAAA@-27@2934437
568077,Y,2934511,2934549,Y:2934525:-,0.6705,-,0.12,5,0.6705,TE,AATGAA@-38@2934562;AATAAA@-17@2934541
568078,Y,2954752,2954753,Y:2954753:+,0.0008,+,0.0,1,0.0008,IN,AATAAA@-53@2954701;AATAAA@-49@2954705;AATAAA@-45@2954709;AATAAA@-41@2954713;AATAAA@-37@2954717;AATAAA@-33@2954721;AATAAA@-29@2954725;AATAAA@-25@2954729;AATAAA@-21@2954733;AATAAA@-17@2954737;AATAAA@-13@2954741;AATAAG@-8@2954746
568079,Y,2962754,2962766,Y:2962758:+,0.0778,+,0.01,2,0.0778,IN,AATAAA@-23@2962736
568080,Y,2962907,2962913,Y:2962908:+,0.0105,+,0.0,1,0.0105,IN,AATAAT@-24@2962885;AATAAA@-21@2962888
568081,Y,2963964,2963967,Y:2963966:+,0.0283,+,0.0,1,0.0283,IN,
568082,Y,2966048,2966050,Y:2966049:-,0.019,-,0.0,1,0.019,DS,AATAAT@-22@2966070;AATATA@-19@2966067
568083,Y,2966558,2966559,Y:2966559:+,0.0126,+,0.0,1,0.0126,IN,
568084,Y,2966560,2966585,Y:2966580:-,0.2125,-,0.05,3,0.2125,DS,ATTACA@-60@2966639;ATTAAA@-20@2966599
568085,Y,2966675,2966702,Y:2966676:-,0.0734,-,0.02,3,0.0734,DS,CATAAA@-27@2966702
568086,Y,2966848,2966850,Y:2966850:-,0.0044,-,0.0,1,0.0044,TE,ATTACA@-29@2966878
568087,Y,2970237,2970239,Y:2970239:+,0.0107,+,0.0,1,0.0107,IN,
568088,Y,2970569,2970570,Y:2970570:-,0.0007,-,0.0,1,0.0007,IN,ATTACA@-26@2970595
568089,Y,2973961,2973962,Y:2973962:-,0.0007,-,0.0,1,0.0007,IN,ATTAAA@-18@2973979
568090,Y,2977220,2977221,Y:2977221:-,0.0027,-,0.01,1,0.0027,IN,
568091,Y,2979107,2979109,Y:2979108:+,0.005,+,0.0,1,0.005,TE,
568092,Y,2980235,2980243,Y:2980243:+,0.0212,+,0.01,2,0.0212,TE,AACAAG@-45@2980199;AATAAA@-27@2980217;AATAAT@-22@2980222
568093,Y,2982457,2982464,Y:2982458:-,0.0129,-,0.01,1,0.0129,IN,AGTAAA@-40@2982497;AGTAAA@-23@2982480
568094,Y,2982476,2982516,Y:2982505:+,2.9878,+,0.19,4,2.9878,TE,AATAAA@-45@2982461;AATAAT@-39@2982467;AATAAA@-22@2982484
568095,Y,2982563,2982579,Y:2982579:+,0.0323,+,0.02,3,0.0323,DS,AATAAA@-24@2982556;CATAAA@-18@2982562
568096,Y,2984898,2984899,Y:2984899:+,0.0017,+,0.0,1,0.0017,AI,AATAAA@-39@2984861;AATAAA@-35@2984865;AATAAA@-31@2984869;AATAAA@-27@2984873;AATAAA@-23@2984877;AATAAA@-19@2984881;AATAAT@-13@2984887
568097,Y,2991692,2991693,Y:2991693:-,0.0004,-,0.0,1,0.0004,IN,AATAGA@-59@2991751;AATAAT@-11@2991703;AATAAA@-8@2991700
568098,Y,2994740,2994741,Y:2994741:-,0.4723,-,0.06,1,0.4723,IN,AATAAA@-50@2994790;ATTAAA@-19@2994759;AACAAA@-14@2994754
568099,Y,3005052,3005054,Y:3005054:+,0.0068,+,0.0,1,0.0068,IN,
568100,Y,3021953,3021954,Y:3021954:+,0.0033,+,0.0,1,0.0033,IN,GATAAA@-20@3021935;AACAAA@-16@3021939
568101,Y,3024066,3024067,Y:3024067:-,0.0036,-,0.0,1,0.0036,AI,
568102,Y,3073535,3073537,Y:3073537:+,0.0195,+,0.01,2,0.0195,IN,AATAAT@-21@3073517;AATATA@-18@3073520
568103,Y,3075589,3075591,Y:3075591:+,0.005,+,0.0,1,0.005,IN,CATAAA@-39@3075553;AATAAT@-35@3075557;AATAAA@-24@3075568
568104,Y,3117283,3117284,Y:3117284:+,0.004,+,0.0,1,0.004,IN,
568105,Y,3119186,3119189,Y:3119188:+,0.0039,+,0.0,1,0.0039,IN,ATTATA@-49@3119140;AATAAA@-39@3119150;AATAAA@-22@3119167;AGTAAA@-17@3119172
568106,Y,3120261,3120266,Y:3120266:+,0.0261,+,0.01,1,0.0261,IN,AATATA@-29@3120238;AATAAA@-22@3120245
568107,Y,3131481,3131483,Y:3131482:+,0.0055,+,0.0,1,0.0055,IN,AATAAA@-48@3131435;AATAAA@-42@3131441
568108,Y,3141202,3141225,Y:3141223:+,0.2958,+,0.04,4,0.2958,IN,AATAAA@-23@3141201
568109,Y,3181662,3181663,Y:3181663:-,0.0058,-,0.0,1,0.0058,AI,ATTACA@-39@3181701;TATAAA@-21@3181683;ATTATA@-14@3181676
568110,Y,3218543,3218544,Y:3218544:-,0.0042,-,0.0,1,0.0042,IG,ATTAAA@-60@3218603;ATTATA@-53@3218596;AATGAA@-20@3218563
568111,Y,3279907,3279908,Y:3279908:+,0.0007,+,0.0,1,0.0007,IG,AATAAA@-35@3279874;AATGAA@-31@3279878;ATTAAA@-21@3279888;AACAAA@-14@3279895
568112,Y,3343556,3343557,Y:3343557:+,0.0004,+,0.0,1,0.0004,IG,ATTAAA@-29@3343529
568113,Y,3358655,3358656,Y:3358656:+,0.0004,+,0.0,1,0.0004,IG,ATTACA@-54@3358603
568114,Y,3374133,3374134,Y:3374134:-,0.0011,-,0.0,1,0.0011,IG,ATTATA@-58@3374191
568115,Y,3385076,3385077,Y:3385077:-,0.0004,-,0.0,1,0.0004,IG,AAGAAA@-55@3385131;AAGAAA@-51@3385127;AAGAAA@-44@3385120;AAGAAA@-39@3385115;AAGAAA@-35@3385111;AAGAAA@-31@3385107;AAGAAA@-21@3385097;AAGAAA@-17@3385093;AAGAAA@-13@3385089
568116,Y,3499126,3499127,Y:3499127:-,0.0004,-,0.0,1,0.0004,IG,CATAAA@-26@3499152
568117,Y,3580035,3580039,Y:3580039:+,0.0763,+,0.01,2,0.0763,TE,
568118,Y,3606517,3606518,Y:3606518:+,0.0011,+,0.01,1,0.0011,IG,AAGAAA@-54@3606465;AATATA@-50@3606469
568119,Y,3610313,3610314,Y:3610314:-,0.0006,-,0.0,1,0.0006,IG,AAGAAA@-35@3610348
568120,Y,3654648,3654649,Y:3654649:+,0.0138,+,0.0,1,0.0138,IG,
568121,Y,3667975,3667977,Y:3667977:+,0.0074,+,0.0,1,0.0074,IG,
568122,Y,3677356,3677357,Y:3677357:-,0.0014,-,0.01,1,0.0014,IG,AATATA@-53@3677409
568123,Y,3727305,3727306,Y:3727306:+,0.0064,+,0.01,1,0.0064,IG,AAGAAA@-16@3727291
568124,Y,3811677,3811678,Y:3811678:+,0.0043,+,0.0,1,0.0043,IN,AATAAA@-59@3811620;AATAAA@-55@3811624;AATAAA@-51@3811628;AATAAA@-47@3811632;AATAAA@-43@3811636;AATAAA@-39@3811640;AATAAA@-35@3811644;AATAAA@-31@3811648;AATAAA@-27@3811652;AATAAA@-23@3811656
568125,Y,3849012,3849015,Y:3849013:-,0.0007,-,0.0,1,0.0007,AI,CATAAA@-25@3849037
568126,Y,3863872,3863884,Y:3863873:+,0.0097,+,0.0,1,0.0097,EX,AATAAA@-13@3863861
568127,Y,3915703,3915704,Y:3915704:+,0.0061,+,0.0,1,0.0061,IG,
568128,Y,4031412,4031413,Y:4031413:-,0.0004,-,0.0,1,0.0004,IG,
568129,Y,4032152,4032153,Y:4032153:-,0.001,-,0.01,1,0.001,IG,
568130,Y,4040728,4040729,Y:4040729:-,0.0014,-,0.0,1,0.0014,AI,AATAAA@-50@4040778;AATAAA@-17@4040745;AGTAAA@-12@4040740;AAGAAA@-7@4040735
568131,Y,4102453,4102454,Y:4102454:+,0.0004,+,0.0,1,0.0004,IG,AACAAA@-28@4102427
568132,Y,4118156,4118158,Y:4118158:+,0.0074,+,0.0,1,0.0074,IG,AATAAA@-57@4118102;AATAAA@-53@4118106;AATAAA@-49@4118110;AATAAA@-45@4118114;AATAAA@-41@4118118;AATAAA@-36@4118123;AATAAA@-30@4118129;AATAAA@-24@4118135;AATAAA@-17@4118142
568133,Y,4121107,4121116,Y:4121116:+,0.0074,+,0.0,1,0.0074,IG,ATTATA@-33@4121084;AATATA@-28@4121089;AATATA@-18@4121099
568134,Y,4147806,4147807,Y:4147807:-,0.0011,-,0.0,1,0.0011,IG,
568135,Y,4152732,4152733,Y:4152733:+,0.0008,+,0.0,1,0.0008,IG,ACTAAA@-16@4152718
568136,Y,4155737,4155738,Y:4155738:+,0.0055,+,0.01,1,0.0055,IG,AATATA@-37@4155702;TATAAA@-33@4155706;AATACA@-28@4155711;AGTAAA@-18@4155721;AACAAA@-11@4155728
568137,Y,4165636,4165637,Y:4165637:+,0.0021,+,0.0,1,0.0021,IG,AATAAG@-15@4165623;AATAAA@-9@4165629
568138,Y,4235133,4235134,Y:4235134:-,0.0007,-,0.0,1,0.0007,IG,AATAAA@-58@4235191;AATATA@-19@4235152;TATAAA@-17@4235150
568139,Y,4332037,4332040,Y:4332040:+,0.001,+,0.01,1,0.001,IG,AATAAT@-48@4331993;AATAAA@-45@4331996
568140,Y,4344779,4344786,Y:4344780:-,0.0136,-,0.03,3,0.0136,IG,
568141,Y,4344786,4344834,Y:4344811:-,0.3161,-,0.06,5,0.3161,IG,AATAGA@-47@4344857
568142,Y,4354979,4354980,Y:4354980:+,0.0004,+,0.0,1,0.0004,IG,AATATA@-60@4354921;ATTATA@-23@4354958;AGTAAA@-16@4354965
568143,Y,4408595,4408596,Y:4408596:-,0.0052,-,0.01,1,0.0052,IG,AGTAAA@-24@4408619;AGTAAA@-13@4408608;AAGAAA@-9@4408604
568144,Y,4424818,4424819,Y:4424819:+,0.0004,+,0.0,1,0.0004,IG,ATTAAA@-47@4424773;ACTAAA@-28@4424792
568145,Y,4470421,4470422,Y:4470422:-,0.0019,-,0.01,1,0.0019,IG,AATAAG@-59@4470480
568146,Y,4556996,4556997,Y:4556997:-,0.0014,-,0.0,1,0.0014,IG,AAGAAA@-45@4557041
568147,Y,4581719,4581720,Y:4581720:-,0.0011,-,0.0,1,0.0011,IG,ATTAAA@-48@4581767;AGTAAA@-43@4581762;AATAAA@-38@4581757;AATAAA@-34@4581753;AATATA@-21@4581740;TATAAA@-19@4581738;AAGAAA@-10@4581729
568148,Y,4600304,4600305,Y:4600305:+,0.0004,+,0.0,1,0.0004,IG,ATTATA@-53@4600253;AACAAA@-33@4600273;AAGAAA@-20@4600286;AACAAA@-10@4600296
568149,Y,4656257,4656258,Y:4656258:-,0.0041,-,0.0,1,0.0041,IG,AATAAA@-37@4656294;AATAAA@-31@4656288;AATAAA@-24@4656281;AATAAA@-18@4656275;AATAAA@-12@4656269
568150,Y,4692649,4692650,Y:4692650:+,0.0015,+,0.0,1,0.0015,IG,AACAAA@-7@4692644
568151,Y,4788405,4788409,Y:4788406:-,0.0237,-,0.0,1,0.0237,IG,ATTAAA@-47@4788452;ATTAAA@-15@4788420
568152,Y,4793659,4793660,Y:4793660:+,0.0007,+,0.0,1,0.0007,IG,ATTAAA@-14@4793647
568153,Y,4795064,4795065,Y:4795065:+,0.0004,+,0.0,1,0.0004,IG,TATAAA@-52@4795014;AATAAA@-13@4795053
568154,Y,4820573,4820574,Y:4820574:-,0.0004,-,0.0,1,0.0004,IG,ATTAAA@-18@4820591
568155,Y,4840490,4840491,Y:4840491:+,0.0074,+,0.0,1,0.0074,IG,GATAAA@-36@4840456;ATTAAA@-24@4840468
568156,Y,4847154,4847155,Y:4847155:-,0.0041,-,0.0,1,0.0041,IG,AATAAT@-18@4847172;AATAAA@-11@4847165
568157,Y,4861304,4861305,Y:4861305:-,0.0006,-,0.0,1,0.0006,IG,AATAAA@-55@4861359;AAGAAA@-29@4861333
568158,Y,4908145,4908146,Y:4908146:-,0.0003,-,0.0,1,0.0003,IG,
568159,Y,4911542,4911543,Y:4911543:-,0.0025,-,0.02,1,0.0025,IG,
568160,Y,4935273,4935274,Y:4935274:-,0.0004,-,0.0,1,0.0004,IG,AACAAA@-17@4935290
568161,Y,4936848,4936849,Y:4936849:-,0.0033,-,0.0,1,0.0033,IG,AAGAAA@-11@4936859
568162,Y,4980295,4980296,Y:4980296:-,0.0074,-,0.0,1,0.0074,IG,
568163,Y,5003432,5003433,Y:5003433:+,0.0089,+,0.0,1,0.0089,IN,GATAAA@-49@5003385
568164,Y,5006603,5006623,Y:5006623:+,0.581,+,0.05,1,0.581,IN,AATAAA@-22@5006602
568165,Y,5054908,5054909,Y:5054909:-,0.0007,-,0.0,1,0.0007,AI,AGTAAA@-20@5054928;CATAAA@-11@5054919
568166,Y,5100267,5100268,Y:5100268:+,0.031,+,0.0,1,0.031,TE,
568167,Y,5109081,5109095,Y:5109086:+,0.1125,+,0.03,1,0.1125,IN,CATAAA@-54@5109033;AATAAA@-24@5109063
568168,Y,5113096,5113108,Y:5113100:+,0.0585,+,0.02,3,0.0585,IN,AATAAA@-22@5113079
568169,Y,5160274,5160275,Y:5160275:+,0.0101,+,0.0,1,0.0101,IN,AATAAA@-21@5160255
568170,Y,5272829,5272830,Y:5272830:+,0.0011,+,0.0,1,0.0011,IN,AATACA@-60@5272771;AATAAT@-54@5272777;TATAAA@-31@5272800
568171,Y,5357919,5357920,Y:5357920:-,0.0007,-,0.0,1,0.0007,AI,AACAAG@-56@5357975;AGTAAA@-50@5357969;AAGAAA@-34@5357953;AACAAA@-30@5357949;AAGAAA@-26@5357945;AATAAA@-17@5357936
568172,Y,5366709,5366710,Y:5366710:-,0.0004,-,0.0,1,0.0004,AI,AACAAG@-55@5366764;AAGAAA@-16@5366725
568173,Y,5393657,5393675,Y:5393658:-,0.0326,-,0.01,1,0.0326,AI,
568174,Y,5402638,5402639,Y:5402639:-,0.0007,-,0.0,1,0.0007,AI,AAGAAA@-16@5402654
568175,Y,5450540,5450542,Y:5450542:+,0.0058,+,0.0,1,0.0058,IN,ATTAAA@-54@5450489;AAGAAA@-50@5450493;AACAAA@-19@5450524;AATATA@-15@5450528;TATAAA@-11@5450532
568176,Y,5470035,5470036,Y:5470036:-,0.0003,-,0.0,1,0.0003,AI,
568177,Y,5483497,5483498,Y:5483498:-,0.0014,-,0.0,1,0.0014,AI,AATAAA@-52@5483549;AATAAA@-48@5483545;AATAAA@-44@5483541;AATAGA@-39@5483536;AATATA@-28@5483525;ATTATA@-14@5483511;TATAAA@-12@5483509
568178,Y,5516222,5516224,Y:5516223:-,0.0104,-,0.01,2,0.0104,AI,AATATA@-33@5516255;ATTATA@-23@5516245;TATAAA@-21@5516243;TATAAA@-11@5516233
568179,Y,5557631,5557632,Y:5557632:-,0.0011,-,0.0,1,0.0011,AI,AAGAAA@-38@5557669;AACAAA@-34@5557665;AAGAAA@-8@5557639
568180,Y,5588538,5588539,Y:5588539:-,0.0021,-,0.01,1,0.0021,AI,AATAAA@-28@5588566;AACAAA@-8@5588546
568181,Y,5612447,5612448,Y:5612448:-,0.0006,-,0.0,1,0.0006,AI,ACTAAA@-35@5612482;AATGAA@-30@5612477
568182,Y,5618662,5618663,Y:5618663:+,0.0015,+,0.01,1,0.0015,IN,AATAGA@-57@5618607;AACAAA@-11@5618653
568183,Y,5646670,5646671,Y:5646671:+,0.0011,+,0.0,1,0.0011,IN,ATTAAA@-33@5646639;AATAAA@-29@5646643;ATTAAA@-14@5646658
568184,Y,5798750,5798751,Y:5798751:+,0.0007,+,0.0,1,0.0007,IG,AACAAA@-28@5798724;AACAAA@-22@5798730;AACAAA@-14@5798738
568185,Y,5802062,5802063,Y:5802063:-,0.0003,-,0.0,1,0.0003,IG,AAGAAA@-37@5802099
568186,Y,5913274,5913276,Y:5913276:+,0.0013,+,0.01,1,0.0013,IG,ACTAAA@-58@5913219;AATGAA@-23@5913254;AATGAA@-19@5913258
568187,Y,5917674,5917675,Y:5917675:+,0.0007,+,0.0,1,0.0007,IG,AAGAAA@-40@5917636;AAGAAA@-36@5917640;AAGAAA@-31@5917645
568188,Y,5945988,5945997,Y:5945995:+,0.0798,+,0.01,1,0.0798,IG,AATAAA@-22@5945974
568189,Y,5976444,5976445,Y:5976445:+,0.0004,+,0.0,1,0.0004,IG,ACTAAA@-55@5976391;AATGAA@-51@5976395;AACAAA@-40@5976406;AATAAA@-19@5976427;AATGAA@-15@5976431
568190,Y,5978178,5978179,Y:5978179:+,0.0004,+,0.0,1,0.0004,IG,
568191,Y,6064441,6064442,Y:6064442:-,0.0004,-,0.0,1,0.0004,IG,ATTAAA@-60@6064501;AATAAT@-56@6064497;AACAAG@-18@6064459
568192,Y,6067573,6067574,Y:6067574:-,0.0007,-,0.0,1,0.0007,IG,AATATA@-60@6067633
568193,Y,6128540,6128541,Y:6128541:-,0.0148,-,0.01,1,0.0148,IG,
568194,Y,6145569,6145570,Y:6145570:-,0.0007,-,0.0,1,0.0007,IG,AATAAT@-46@6145615;AATAAA@-43@6145612;AATGAA@-31@6145600;AAGAAA@-26@6145595
568195,Y,6152637,6152638,Y:6152638:-,0.0003,-,0.0,1,0.0003,IG,AACAAA@-12@6152649
568196,Y,6176394,6176395,Y:6176395:+,0.001,+,0.0,1,0.001,IG,AATAAA@-39@6176357;AATATA@-15@6176381;TATAAA@-13@6176383
568197,Y,6276402,6276403,Y:6276403:+,0.0004,+,0.0,1,0.0004,IG,
568198,Y,6344233,6344234,Y:6344234:-,0.0003,-,0.0,1,0.0003,IG,AAGAAA@-30@6344263;AAGAAA@-21@6344254
568199,Y,6360522,6360523,Y:6360523:+,0.0017,+,0.0,1,0.0017,AI,AATAAA@-42@6360482;AATAAT@-26@6360498;AATAAA@-23@6360501;AATAAT@-19@6360505;AATAAA@-16@6360508;ATTATA@-11@6360513
568200,Y,6384434,6384435,Y:6384435:-,0.0004,-,0.0,1,0.0004,IG,AATAAA@-7@6384441
568201,Y,6557632,6557633,Y:6557633:+,0.0004,+,0.0,1,0.0004,IG,AAGAAA@-43@6557591;AATACA@-39@6557595;AATATA@-20@6557614;AATAAA@-11@6557623
568202,Y,6784440,6784443,Y:6784441:+,0.0044,+,0.0,1,0.0044,IG,ACTAAA@-40@6784402
568203,Y,6794044,6794045,Y:6794045:-,0.0021,-,0.01,1,0.0021,IG,AATAAA@-30@6794074;ATTAAA@-21@6794065
568204,Y,6807780,6807781,Y:6807781:+,0.006,+,0.02,1,0.006,IG,TATAAA@-51@6807731;TATAAA@-43@6807739
568205,Y,6830778,6830779,Y:6830779:-,0.0029,-,0.0,1,0.0029,IG,AACAAA@-48@6830826;AACAAA@-42@6830820;AACAAA@-36@6830814;AACAAA@-32@6830810;AACAAA@-28@6830806;AACAAA@-15@6830793
568206,Y,6865918,6865919,Y:6865919:-,0.0043,-,0.0,1,0.0043,TE,ACTAAA@-44@6865962;AATAAA@-20@6865938
568207,Y,6866810,6866811,Y:6866811:-,0.0007,-,0.0,1,0.0007,IN,ACTAAA@-28@6866838
568208,Y,6887525,6887526,Y:6887526:-,0.0014,-,0.0,1,0.0014,IN,AGTAAA@-18@6887543;AAGAAA@-13@6887538
568209,Y,6901367,6901370,Y:6901368:+,0.0094,+,0.0,1,0.0094,TE,
568210,Y,6908657,6908658,Y:6908658:-,0.0075,-,0.0,1,0.0075,IN,AACAAG@-32@6908689;AAGAAA@-29@6908686;AATAAA@-24@6908681
568211,Y,6918567,6918568,Y:6918568:-,0.0011,-,0.0,1,0.0011,AI,ACTAAA@-32@6918599;ATTAAA@-25@6918592;AACAAA@-18@6918585;ATTAAA@-11@6918578
568212,Y,6919893,6919894,Y:6919894:+,0.0047,+,0.0,1,0.0047,TE,
568213,Y,6920420,6920421,Y:6920421:+,0.0044,+,0.0,1,0.0044,TE,AATATA@-23@6920399;TATAAA@-21@6920401;ACTAAA@-11@6920411
568214,Y,6920424,6920425,Y:6920425:-,0.0004,-,0.0,1,0.0004,AI,AATAAA@-22@6920446;AATAAA@-18@6920442
568215,Y,6920453,6920492,Y:6920474:+,0.4578,+,0.06,3,0.4578,TE,AATAAA@-23@6920452
568216,Y,6947457,6947458,Y:6947458:+,0.0026,+,0.0,1,0.0026,IN,
568217,Y,7044664,7044665,Y:7044665:-,0.0028,-,0.0,1,0.0028,AI,
568218,Y,7074949,7074950,Y:7074950:-,0.0004,-,0.0,1,0.0004,AI,
568219,Y,7092214,7092215,Y:7092215:+,0.0147,+,0.01,1,0.0147,IN,ATTAAA@-22@7092194
568220,Y,7092337,7092339,Y:7092338:+,0.0108,+,0.0,1,0.0108,IN,AATAAG@-25@7092314
568221,Y,7095172,7095175,Y:7095175:+,0.0139,+,0.01,2,0.0139,IN,AATAAA@-25@7095151
568222,Y,7101968,7101970,Y:7101969:+,0.0075,+,0.0,1,0.0075,TE,AATAAT@-59@7101911;AATACA@-28@7101942
568223,Y,7102024,7102025,Y:7102025:+,0.0035,+,0.0,1,0.0035,DS,AATATA@-22@7102004
568224,Y,7242451,7242452,Y:7242452:-,0.0054,-,0.0,1,0.0054,IG,AATAAA@-47@7242498;ATTAAA@-41@7242492;TATAAA@-15@7242466;AATAAA@-9@7242460
568225,Y,7290694,7290728,Y:7290715:-,0.0915,-,0.0,1,0.0915,AI,
568226,Y,7290727,7290759,Y:7290751:+,0.4792,+,0.07,3,0.4792,IN,ATTAAA@-20@7290732
568227,Y,7327983,7327988,Y:7327984:-,0.0074,-,0.0,1,0.0074,AI,AAGAAA@-24@7328007
568228,Y,7329929,7329933,Y:7329932:+,0.0271,+,0.01,1,0.0271,IN,ATTAAA@-19@7329914
568229,Y,7333950,7333954,Y:7333951:+,0.0038,+,0.0,1,0.0038,IN,AATAAA@-20@7333932
568230,Y,7335984,7336002,Y:7336002:+,0.0302,+,0.01,1,0.0302,IN,TATAAA@-39@7335964;AATACA@-35@7335968
568231,Y,7355227,7355228,Y:7355228:-,0.0045,-,0.0,1,0.0045,AI,AACAAA@-36@7355263;AACAAA@-30@7355257;AACAAA@-24@7355251;AACAAA@-17@7355244
568232,Y,7373090,7373116,Y:7373111:+,0.1976,+,0.04,4,0.1976,IN,CATAAA@-40@7373072
568233,Y,7375935,7375943,Y:7375939:+,0.0086,+,0.01,2,0.0086,TE,
568235,Y,7376093,7376106,Y:7376103:+,0.1041,+,0.04,3,0.1041,TE,AATATA@-23@7376081
568236,Y,7376421,7376427,Y:7376427:+,0.0655,+,0.04,4,0.0655,TE,ATTAAA@-22@7376406
568237,Y,7379484,7379485,Y:7379485:+,0.004,+,0.0,1,0.004,TE,ATTAAA@-11@7379475
568238,Y,7381521,7381552,Y:7381545:+,2.0789,+,0.23,5,2.0789,TE,AATAAT@-51@7381495;AATAAA@-23@7381523
568239,Y,7417588,7417589,Y:7417589:-,0.0045,-,0.01,1,0.0045,IG,AATAAA@-40@7417628
568240,Y,7417608,7417609,Y:7417609:+,0.0249,+,0.01,1,0.0249,IG,AATATA@-45@7417565
568241,Y,7430917,7430918,Y:7430918:+,0.0008,+,0.0,1,0.0008,IG,AATGAA@-51@7430868
568242,Y,7454501,7454502,Y:7454502:-,0.0004,-,0.0,1,0.0004,IG,ATTAAA@-39@7454540;AGTAAA@-27@7454528;TATAAA@-14@7454515
568243,Y,7492147,7492153,Y:7492148:-,0.0074,-,0.0,1,0.0074,IG,ATTATA@-39@7492186;AATATA@-32@7492179
568244,Y,7641562,7641563,Y:7641563:+,0.0004,+,0.0,1,0.0004,IG,
568245,Y,7642968,7642969,Y:7642969:-,0.0004,-,0.0,1,0.0004,IG,AAGAAA@-34@7643002
568246,Y,7648188,7648190,Y:7648189:-,0.4215,-,0.02,1,0.4215,IG,AATAAT@-59@7648247;AATAAT@-36@7648224;AATAAT@-33@7648221;AATAAT@-16@7648204
568247,Y,7652727,7652728,Y:7652728:-,0.003,-,0.0,1,0.003,IG,AATAAT@-43@7652770;AATATA@-35@7652762;AACAAA@-24@7652751;AATAAA@-9@7652736
568248,Y,7653515,7653521,Y:7653516:-,0.0074,-,0.0,1,0.0074,IG,AGTAAA@-22@7653537
568249,Y,7715969,7715970,Y:7715970:+,0.0014,+,0.0,1,0.0014,AI,
568250,Y,7717081,7717082,Y:7717082:+,0.0033,+,0.0,1,0.0033,AI,AATAAA@-23@7717060
568251,Y,7742589,7742600,Y:7742597:-,0.0692,-,0.01,2,0.0692,TE,AACAAG@-54@7742650;AATAAA@-22@7742618
568252,Y,7773157,7773158,Y:7773158:-,0.0003,-,0.0,1,0.0003,IN,AATAAG@-19@7773176
568253,Y,7778875,7778877,Y:7778877:-,0.0148,-,0.01,1,0.0148,IN,
568254,Y,7786906,7786907,Y:7786907:-,0.0013,-,0.0,1,0.0013,IN,AATATA@-19@7786925
568255,Y,7810105,7810109,Y:7810106:+,0.0043,+,0.0,1,0.0043,TE,
568256,Y,7814421,7814422,Y:7814422:+,0.0004,+,0.0,1,0.0004,IG,
568257,Y,7856799,7856800,Y:7856800:+,0.0006,+,0.0,1,0.0006,IG,AAGAAA@-12@7856789
568258,Y,7856965,7856966,Y:7856966:+,0.0017,+,0.0,1,0.0017,IG,AATGAA@-13@7856954
568259,Y,7877974,7877975,Y:7877975:-,0.0043,-,0.0,1,0.0043,IG,
568260,Y,7915751,7915752,Y:7915752:+,0.001,+,0.01,1,0.001,IG,
568261,Y,7943827,7943828,Y:7943828:-,0.0152,-,0.01,1,0.0152,IG,TATAAA@-10@7943837
568262,Y,8000950,8000951,Y:8000951:+,0.0013,+,0.0,1,0.0013,IG,
568263,Y,8048770,8048771,Y:8048771:-,0.0064,-,0.0,1,0.0064,IG,AAGAAA@-60@8048830;AACAAA@-12@8048782
568264,Y,8069994,8069995,Y:8069995:-,0.0115,-,0.03,1,0.0115,TE,AATATA@-45@8070039;ATTAAA@-15@8070009
568265,Y,8118470,8118471,Y:8118471:-,0.0074,-,0.0,1,0.0074,IN,ATTATA@-54@8118524;AATACA@-34@8118504;AATAAA@-28@8118498
568266,Y,8143073,8143074,Y:8143074:-,0.0034,-,0.01,1,0.0034,AI,AACAAA@-58@8143131;AATAAA@-53@8143126;AATAGA@-33@8143106;AATAAA@-17@8143090
568267,Y,8152266,8152267,Y:8152267:+,0.0004,+,0.0,1,0.0004,IG,AACAAA@-21@8152247;AAGAAA@-11@8152257
568268,Y,8161595,8161596,Y:8161596:-,0.0017,-,0.0,1,0.0017,IG,
568269,Y,8186900,8186901,Y:8186901:+,0.0004,+,0.0,1,0.0004,IG,ATTAAA@-27@8186875;AATAAA@-21@8186881;AAGAAA@-17@8186885;AAGAAA@-11@8186891;AATAAA@-7@8186895
568270,Y,8218012,8218014,Y:8218013:-,0.0074,-,0.0,1,0.0074,IG,AATAAT@-57@8218069;AATGAA@-43@8218055;AATAAA@-37@8218049;TATAAA@-22@8218034
568271,Y,8226912,8226920,Y:8226920:+,0.0074,+,0.0,1,0.0074,IG,ATTATA@-29@8226892
568272,Y,8236316,8236317,Y:8236317:+,0.0004,+,0.0,1,0.0004,IG,AATAAT@-51@8236267;AACAAG@-35@8236283;AACAAA@-23@8236295;AATAAT@-8@8236310
568273,Y,8264285,8264286,Y:8264286:+,0.0158,+,0.0,1,0.0158,IG,ATTAAA@-34@8264253
568274,Y,8371584,8371592,Y:8371586:+,0.0262,+,0.01,1,0.0262,IG,AATATA@-37@8371550
568275,Y,8371664,8371666,Y:8371665:-,0.0112,-,0.0,1,0.0112,AU,AATAAG@-28@8371692;ATTATA@-9@8371673
568276,Y,8381220,8381222,Y:8381221:+,0.004,+,0.0,1,0.004,IG,AATAAT@-45@8381177;AATAAA@-17@8381205
568277,Y,8402273,8402274,Y:8402274:-,0.0004,-,0.0,1,0.0004,IG,ATTAAA@-32@8402305;TATAAA@-18@8402291
568278,Y,8402828,8402830,Y:8402830:+,0.0097,+,0.0,1,0.0097,IG,AATAAA@-15@8402816
568279,Y,8419089,8419090,Y:8419090:-,0.0026,-,0.01,1,0.0026,TE,AGTAAA@-57@8419146
568280,Y,8459724,8459726,Y:8459725:+,0.004,+,0.0,1,0.004,IG,ATTAAA@-24@8459702
568281,Y,8505443,8505444,Y:8505444:+,0.0004,+,0.0,1,0.0004,IG,AAGAAA@-28@8505417;AATGAA@-21@8505424
568282,Y,8522823,8522824,Y:8522824:-,0.0126,-,0.01,1,0.0126,IG,
568283,Y,8581647,8581648,Y:8581648:+,0.0006,+,0.0,1,0.0006,IN,
568284,Y,8591527,8591528,Y:8591528:-,0.0004,-,0.0,1,0.0004,AI,CATAAA@-25@8591552;AACAAA@-13@8591540
568285,Y,8633974,8633976,Y:8633976:-,0.0058,-,0.0,1,0.0058,AI,AATAAA@-20@8633995
568286,Y,8636732,8636734,Y:8636734:-,0.0074,-,0.0,1,0.0074,AI,AATAAA@-27@8636760
568287,Y,8650477,8650501,Y:8650497:+,0.1684,+,0.03,2,0.1684,IN,AATAAA@-22@8650476
568288,Y,8704095,8704104,Y:8704103:-,0.0152,-,0.01,2,0.0152,AI,
568289,Y,8721770,8721772,Y:8721772:-,0.0063,-,0.0,1,0.0063,IG,AAGAAA@-51@8721822;AATAAA@-26@8721797
568290,Y,8729458,8729459,Y:8729459:-,0.0007,-,0.0,1,0.0007,IG,
568291,Y,8736161,8736162,Y:8736162:+,0.0073,+,0.0,1,0.0073,IG,
568292,Y,8757740,8757741,Y:8757741:-,0.0035,-,0.01,2,0.0035,IG,AAGAAA@-52@8757792;CATAAA@-14@8757754
568293,Y,8786240,8786241,Y:8786241:+,0.0011,+,0.0,1,0.0011,AI,AATAAA@-21@8786221;AAGAAA@-17@8786225;AAGAAA@-13@8786229
568294,Y,8840109,8840110,Y:8840110:-,0.0074,-,0.0,1,0.0074,IG,AATAGA@-31@8840140;AATAAA@-26@8840135
568295,Y,8937611,8937612,Y:8937612:-,0.0074,-,0.0,1,0.0074,IG,
568296,Y,8940515,8940524,Y:8940524:+,0.0058,+,0.0,1,0.0058,IG,TATAAA@-42@8940483;AATAAA@-26@8940499
568297,Y,8961626,8961628,Y:8961628:-,0.0046,-,0.0,1,0.0046,IG,TATAAA@-56@8961683;AAGAAA@-52@8961679;AATAGA@-48@8961675;ATTAAA@-27@8961654
568298,Y,8967341,8967342,Y:8967342:-,0.0004,-,0.0,1,0.0004,IG,
568300,Y,9140959,9140960,Y:9140960:-,0.0074,-,0.0,1,0.0074,IG,AATAAA@-21@9140980
568301,Y,9141937,9141951,Y:9141951:+,0.0062,+,0.0,1,0.0062,IG,
568302,Y,9179170,9179171,Y:9179171:-,0.0004,-,0.0,1,0.0004,IG,AACAAA@-36@9179206;AATAAA@-12@9179182
568303,Y,9189409,9189410,Y:9189410:-,0.0031,-,0.0,1,0.0031,DS,AATAAA@-23@9189432
568304,Y,9201587,9201596,Y:9201588:-,0.001,-,0.01,1,0.001,EX,
568305,Y,9224093,9224095,Y:9224095:-,0.0111,-,0.0,1,0.0111,IG,GATAAA@-44@9224138
568306,Y,9262497,9262498,Y:9262498:-,0.0008,-,0.0,1,0.0008,IG,ACTAAA@-22@9262519
568307,Y,9297869,9297870,Y:9297870:-,0.001,-,0.0,1,0.001,IG,TATAAA@-21@9297890
568308,Y,9300765,9300767,Y:9300766:-,0.0164,-,0.03,1,0.0164,IG,CATAAA@-49@9300814;AATAAA@-20@9300785
568309,Y,9323184,9323187,Y:9323187:+,0.0168,+,0.01,1,0.0168,AU,AATAAT@-23@9323165
568310,Y,9462434,9462435,Y:9462435:-,0.0057,-,0.0,1,0.0057,EX,
568311,Y,9530673,9530675,Y:9530675:+,0.0056,+,0.0,1,0.0056,TE,AATGAA@-24@9530652;AATAAA@-17@9530659
568312,Y,9538046,9538048,Y:9538048:+,0.0074,+,0.0,1,0.0074,IG,AGTAAA@-32@9538017;AATAAA@-16@9538033
568313,Y,9542126,9542127,Y:9542127:+,0.0011,+,0.0,1,0.0011,IG,AGTAAA@-35@9542093;AACAAA@-23@9542105;AACAAA@-18@9542110;AACAAA@-13@9542115;AACAAA@-8@9542120
568314,Y,9743394,9743395,Y:9743395:-,0.0065,-,0.02,1,0.0065,AI,ACTAAA@-13@9743407
568315,Y,9781425,9781426,Y:9781426:-,0.0046,-,0.0,1,0.0046,IG,AATATA@-32@9781457
568316,Y,9801573,9801574,Y:9801574:-,0.0042,-,0.01,1,0.0042,AI,AACAAA@-33@9801606
568317,Y,9829358,9829359,Y:9829359:+,0.0008,+,0.0,1,0.0008,IN,AATAAA@-18@9829342;AAGAAA@-14@9829346
568318,Y,9933415,9933419,Y:9933416:-,0.0007,-,0.0,1,0.0007,IG,AATAGA@-32@9933447
568319,Y,9949168,9949169,Y:9949169:-,0.0003,-,0.0,1,0.0003,IG,AATAAA@-48@9949216;AAGAAA@-43@9949211;AAGAAA@-28@9949196;ATTAAA@-15@9949183;AACAAA@-9@9949177
568320,Y,9969191,9969192,Y:9969192:-,0.0011,-,0.0,1,0.0011,IN,TATAAA@-58@9969249;AATATA@-48@9969239;TATAAA@-46@9969237;AATAAA@-42@9969233;AATAAA@-38@9969229;AATACA@-34@9969225;TATAAA@-24@9969215;AATAAA@-19@9969210;AATAAA@-13@9969204;AATATA@-9@9969200;TATAAA@-7@9969198
568321,Y,10043915,10043916,Y:10043916:+,0.0004,+,0.0,1,0.0004,IG,AATAAA@-22@10043895;AATAAT@-9@10043908
568322,Y,10051190,10051191,Y:10051191:-,0.0004,-,0.0,1,0.0004,IG,
568323,Y,10093554,10093555,Y:10093555:-,0.0007,-,0.0,1,0.0007,IG,AAGAAA@-54@10093608;AATAAA@-33@10093587;GATAAA@-15@10093569
568324,Y,10101387,10101388,Y:10101388:+,0.0014,+,0.0,1,0.0014,IG,AATAAA@-25@10101364
568325,Y,10104025,10104026,Y:10104026:+,0.0033,+,0.0,1,0.0033,IG,AATAAT@-34@10103993;AACAAA@-27@10104000;AATAAA@-18@10104009;TATAAA@-10@10104017
568326,Y,10181965,10181966,Y:10181966:-,0.0004,-,0.0,1,0.0004,IG,AAGAAA@-25@10181990;AAGAAA@-14@10181979
568327,Y,10187062,10187063,Y:10187063:-,0.0007,-,0.0,1,0.0007,IG,
568328,Y,10188685,10188686,Y:10188686:-,0.0011,-,0.0,1,0.0011,IG,AATAAA@-36@10188721
568329,Y,10194734,10194735,Y:10194735:-,0.0021,-,0.01,1,0.0021,IG,AATAAT@-50@10194784;AATAAG@-47@10194781;ATTAAA@-38@10194772;AATAGA@-34@10194768;ATTAAA@-29@10194763;ATTAAA@-16@10194750
568330,Y,10216640,10216641,Y:10216641:+,0.0004,+,0.0,1,0.0004,IG,AACAAA@-10@10216632
568331,Y,10809108,10809109,Y:10809109:-,0.0035,-,0.0,1,0.0035,IG,
568332,Y,10885369,10885370,Y:10885370:-,0.0052,-,0.0,1,0.0052,IG,AATAGA@-25@10885394;AATGAA@-20@10885389
568333,Y,11071045,11071046,Y:11071046:-,0.0061,-,0.0,1,0.0061,IG,
568334,Y,11162855,11162862,Y:11162856:-,0.0855,-,0.04,2,0.0855,TE,CATAAA@-24@11162879
568335,Y,11162983,11162984,Y:11162984:-,0.0004,-,0.0,1,0.0004,TE,AATAAA@-21@11163004
568336,Y,11163313,11163314,Y:11163314:-,0.0004,-,0.0,1,0.0004,IN,AAGAAA@-33@11163346;AATAAA@-17@11163330;AATAAA@-11@11163324
568337,Y,11165125,11165127,Y:11165126:-,0.0072,-,0.0,1,0.0072,IN,ATTAAA@-24@11165149
568338,Y,11165951,11165952,Y:11165952:-,0.05,-,0.02,2,0.05,IN,TATAAA@-58@11166009;ATTAAA@-23@11165974
568339,Y,11266609,11266610,Y:11266610:+,0.0047,+,0.0,1,0.0047,IG,AATACA@-36@11266575;AATAAA@-17@11266594
568340,Y,11314071,11314072,Y:11314072:-,0.0028,-,0.0,1,0.0028,AU,
568341,Y,11314096,11314097,Y:11314097:-,0.004,-,0.0,1,0.004,AU,
568342,Y,11334796,11334797,Y:11334797:-,0.0003,-,0.0,1,0.0003,AU,AATAAA@-19@11334815;AGTAAA@-13@11334809;ATTATA@-8@11334804
568343,Y,11335115,11335116,Y:11335116:+,0.0007,+,0.0,1,0.0007,IG,AAGAAA@-13@11335104
568344,Y,11338098,11338099,Y:11338099:-,0.0042,-,0.0,1,0.0042,IG,TATAAA@-52@11338150;ATTAAA@-8@11338106
568345,Y,11338143,11338144,Y:11338144:+,0.0022,+,0.01,1,0.0022,DS,ATTATA@-59@11338086;TATAAA@-57@11338088;AATAAA@-41@11338104;AGTAAA@-23@11338122
568346,Y,11369036,11369037,Y:11369037:-,0.0043,-,0.0,1,0.0043,EX,
568347,Y,11382493,11382494,Y:11382494:+,0.0004,+,0.0,1,0.0004,AI,CATAAA@-46@11382449;AAGAAA@-9@11382486
568348,Y,11390159,11390160,Y:11390160:+,0.0004,+,0.0,1,0.0004,IG,AATAAA@-39@11390122;ATTAAA@-34@11390127;ACTAAA@-16@11390145
568349,Y,11391310,11391311,Y:11391311:-,0.0004,-,0.0,1,0.0004,IG,AATAAA@-43@11391353;AGTAAA@-31@11391341;AGTAAA@-22@11391332
568350,Y,11394069,11394070,Y:11394070:+,0.0008,+,0.0,1,0.0008,IG,AATAAA@-35@11394036;TATAAA@-19@11394052;AATAAA@-15@11394056;AATAAA@-9@11394062
568351,Y,11418864,11418874,Y:11418872:+,0.0181,+,0.03,1,0.0181,DS,AATAAT@-55@11418818;ATTAAA@-23@11418850
568352,Y,11452331,11452332,Y:11452332:-,0.0004,-,0.0,1,0.0004,IG,AATAAA@-35@11452366;AATAAA@-29@11452360;AATAAA@-24@11452355;AATAAA@-18@11452349;AATAAA@-11@11452342
568353,Y,11468608,11468609,Y:11468609:-,0.0048,-,0.0,1,0.0048,IG,TATAAA@-10@11468618
568354,Y,11787067,11787068,Y:11787068:-,0.0004,-,0.0,1,0.0004,IG,AATAAG@-27@11787094;TATAAA@-14@11787081
568355,Y,11814833,11814834,Y:11814834:-,0.0006,-,0.0,1,0.0006,IG,ATTAAA@-19@11814852;CATAAA@-7@11814840
568356,Y,11871601,11871602,Y:11871602:+,0.0004,+,0.0,1,0.0004,IG,AATAAA@-18@11871585;AACAAA@-12@11871591
568357,Y,11912353,11912355,Y:11912355:-,0.0036,-,0.0,1,0.0036,IG,AATACA@-48@11912402;CATAAA@-32@11912386;AATAAT@-12@11912366
568358,Y,11924758,11924759,Y:11924759:+,0.0007,+,0.0,1,0.0007,AU,AAGAAA@-22@11924738;AAGAAA@-13@11924747
568359,Y,12013623,12013624,Y:12013624:+,0.0006,+,0.0,1,0.0006,IG,AATAAT@-32@12013593;AATAAA@-29@12013596;AATAAA@-25@12013600;AATAAA@-21@12013604;ATTAAA@-12@12013613
568360,Y,12082219,12082220,Y:12082220:+,0.0033,+,0.0,1,0.0033,IG,CATAAA@-25@12082196;AATAAA@-20@12082201
568361,Y,12085924,12085933,Y:12085925:-,0.0072,-,0.0,1,0.0072,IG,AATAAA@-27@12085951
568362,Y,12087702,12087703,Y:12087703:-,0.0058,-,0.0,1,0.0058,DS,
568363,Y,12089574,12089575,Y:12089575:+,0.0075,+,0.0,1,0.0075,AI,
568364,Y,12111585,12111586,Y:12111586:-,0.0004,-,0.0,1,0.0004,IN,AAGAAA@-57@12111642;AAGAAA@-30@12111615;AAGAAA@-26@12111611;AAGAAA@-17@12111602;AAGAAA@-8@12111593
568365,Y,12122806,12122807,Y:12122807:+,0.0004,+,0.0,1,0.0004,AI,AATAAA@-7@12122801
568366,Y,12146742,12146745,Y:12146743:-,0.0044,-,0.0,1,0.0044,IN,AATAAA@-20@12146762
568367,Y,12160019,12160027,Y:12160027:-,0.0066,-,0.0,1,0.0066,IN,AATAAA@-16@12160042
568368,Y,12205688,12205695,Y:12205689:-,0.0159,-,0.01,2,0.0159,IN,AATAAA@-25@12205713
568369,Y,12207920,12207933,Y:12207933:-,0.0098,-,0.02,1,0.0098,IN,AATAAA@-28@12207960;AATAAA@-23@12207955;AATAAA@-18@12207950
568370,Y,12291069,12291070,Y:12291070:+,0.0522,+,0.01,1,0.0522,AI,
568371,Y,12306706,12306707,Y:12306707:+,0.0004,+,0.0,1,0.0004,AI,AACAAA@-16@12306692
568372,Y,12317835,12317837,Y:12317836:-,0.0028,-,0.0,1,0.0028,IN,ATTAAA@-21@12317856
568373,Y,12326385,12326388,Y:12326387:-,0.0263,-,0.01,1,0.0263,IN,ATTAAA@-39@12326425;AATAAA@-20@12326406
568374,Y,12340142,12340143,Y:12340143:-,0.0048,-,0.0,1,0.0048,IN,AATAAA@-25@12340167
568375,Y,12346187,12346188,Y:12346188:-,0.0004,-,0.0,1,0.0004,IN,
568376,Y,12353536,12353552,Y:12353552:-,0.0083,-,0.0,1,0.0083,IN,AATAAA@-33@12353584;AATAAA@-28@12353579;AATAAA@-24@12353575;AATAAA@-20@12353571;AACAAA@-16@12353567;AATAAA@-12@12353563;AACAAA@-8@12353559
568377,Y,12361472,12361477,Y:12361477:-,0.0075,-,0.0,1,0.0075,IN,AATAAA@-21@12361497
568378,Y,12368100,12368101,Y:12368101:-,0.0008,-,0.0,1,0.0008,IN,AAGAAA@-23@12368123
568379,Y,12374484,12374486,Y:12374486:-,0.0033,-,0.0,1,0.0033,IN,AATAAA@-18@12374503
568380,Y,12376015,12376016,Y:12376016:-,0.0044,-,0.0,1,0.0044,IN,AAGAAA@-30@12376045;AATAAA@-20@12376035
568381,Y,12378525,12378545,Y:12378538:-,0.6359,-,0.12,4,0.6359,IN,AATAAA@-17@12378554
568382,Y,12379192,12379195,Y:12379193:-,0.0083,-,0.01,2,0.0083,IN,AATAAA@-17@12379209
568383,Y,12388842,12388844,Y:12388843:-,0.0063,-,0.0,1,0.0063,IN,GATAAA@-44@12388886;AATAAA@-23@12388865
568384,Y,12402234,12402237,Y:12402235:-,0.0502,-,0.01,1,0.0502,IN,AATAAA@-60@12402294;TATAAA@-47@12402281;AATAAA@-43@12402277;ATTAAA@-25@12402259
568385,Y,12403914,12403915,Y:12403915:+,0.0004,+,0.0,1,0.0004,AI,AACAAA@-19@12403897;AACAAA@-9@12403907
568386,Y,12406116,12406118,Y:12406118:-,0.0073,-,0.01,1,0.0073,IN,AATAAA@-41@12406158;AATACA@-32@12406149;CATAAA@-28@12406145;AATAAA@-24@12406141;AATGAA@-11@12406128;AATAAA@-7@12406124
568387,Y,12406538,12406539,Y:12406539:+,0.0011,+,0.0,1,0.0011,AI,AACAAA@-28@12406512
568388,Y,12420446,12420453,Y:12420447:-,0.0048,-,0.0,1,0.0048,EX,
568389,Y,12455654,12455655,Y:12455655:-,0.0004,-,0.0,1,0.0004,IN,AATATA@-21@12455675
568390,Y,12467247,12467248,Y:12467248:-,0.0004,-,0.0,1,0.0004,IN,AAGAAA@-7@12467254
568391,Y,12499451,12499452,Y:12499452:-,0.0006,-,0.0,1,0.0006,IN,ACTAAA@-13@12499464
568392,Y,12565009,12565015,Y:12565014:-,0.0036,-,0.0,1,0.0036,AI,ATTAAA@-20@12565033
568393,Y,12619600,12619601,Y:12619601:+,0.0007,+,0.0,1,0.0007,IN,ATTACA@-35@12619567;AATAAA@-25@12619577;GATAAA@-13@12619589
568394,Y,12650657,12650658,Y:12650658:+,0.0004,+,0.0,1,0.0004,IN,ACTAAA@-44@12650615;AATAAA@-36@12650623;AATAAA@-32@12650627;AACAAG@-27@12650632;AAGAAA@-9@12650650
568395,Y,12657106,12657107,Y:12657107:-,0.0011,-,0.0,1,0.0011,AI,AATAAA@-29@12657135;AATAAT@-24@12657130;AATAAT@-21@12657127;AATAAT@-18@12657124;AATAAT@-15@12657121;AATAAA@-12@12657118
568396,Y,12661261,12661277,Y:12661268:-,0.0276,-,0.01,1,0.0276,DS,
568397,Y,12661303,12661323,Y:12661316:-,0.4277,-,0.09,4,0.4277,TE,ATTACA@-44@12661359;ATTAAA@-22@12661337
568398,Y,12662586,12662587,Y:12662587:+,0.0032,+,0.0,1,0.0032,EX,
568399,Y,12665232,12665233,Y:12665233:+,0.0126,+,0.0,1,0.0126,IN,
568400,Y,12665277,12665283,Y:12665283:+,0.0441,+,0.0,1,0.0441,IN,AATAAA@-23@12665261
568401,Y,12683955,12683957,Y:12683956:+,0.008,+,0.0,1,0.008,IN,AATAAA@-24@12683933;TATAAA@-17@12683940
568402,Y,12688267,12688280,Y:12688273:+,0.2734,+,0.03,2,0.2734,TE,AATAAA@-17@12688257
568403,Y,12688470,12688506,Y:12688471:+,0.0313,+,0.01,2,0.0313,TE,AATAAA@-26@12688446
568404,Y,12689888,12689889,Y:12689889:+,0.0038,+,0.0,1,0.0038,TE,AATAAA@-16@12689874
568405,Y,12690760,12690802,Y:12690783:+,0.3884,+,0.08,5,0.3884,TE,TATAAA@-58@12690726;AAGAAA@-54@12690730;TATAAA@-29@12690755;AATAAA@-25@12690759
568406,Y,12692216,12692252,Y:12692252:+,1.2004,+,0.12,5,1.2004,TE,AATAAT@-54@12692199;AATAAA@-51@12692202;ATTATA@-29@12692224;ATTATA@-20@12692233
568407,Y,12699373,12699374,Y:12699374:+,0.0028,+,0.0,1,0.0028,IN,
568408,Y,12704949,12704950,Y:12704950:-,0.0141,-,0.02,1,0.0141,AI,AAGAAA@-48@12704997;GATAAA@-30@12704979;AATAAA@-26@12704975;AATACA@-21@12704970;AATAGA@-14@12704963
568409,Y,12736095,12736096,Y:12736096:+,0.0014,+,0.0,1,0.0014,EX,
568410,Y,12750086,12750087,Y:12750087:-,0.0011,-,0.0,1,0.0011,AI,ACTAAA@-16@12750102
568411,Y,12750979,12750980,Y:12750980:-,0.0004,-,0.0,1,0.0004,AI,AATAAA@-28@12751007;AATAAA@-24@12751003;AATAAA@-17@12750996;AATAAA@-10@12750989
568412,Y,12752448,12752460,Y:12752450:-,0.0209,-,0.02,3,0.0209,AI,TATAAA@-52@12752501;AAGAAA@-47@12752496
568413,Y,12763237,12763238,Y:12763238:+,0.0087,+,0.0,1,0.0087,IN,AACAAA@-31@12763208;ATTAAA@-20@12763219
568414,Y,12807315,12807316,Y:12807316:-,0.0004,-,0.0,1,0.0004,AI,AAGAAA@-11@12807326
568415,Y,12824471,12824472,Y:12824472:+,0.0057,+,0.0,1,0.0057,IN,GATAAA@-36@12824437;ATTAAA@-20@12824453;AATACA@-15@12824458
568416,Y,12838890,12838891,Y:12838891:+,0.0011,+,0.0,1,0.0011,IN,ATTATA@-26@12838866;ATTAAA@-19@12838873
568417,Y,12856865,12856882,Y:12856876:+,0.0473,+,0.0,1,0.0473,EX,
568418,Y,12859150,12859151,Y:12859151:-,0.0006,-,0.0,1,0.0006,AI,
568419,Y,12860164,12860165,Y:12860165:+,0.0025,+,0.0,1,0.0025,TE,AATAAA@-19@12860147;AATATA@-15@12860151;TATAAA@-13@12860153
568420,Y,12860393,12860394,Y:12860394:-,0.0026,-,0.0,1,0.0026,AE,
568421,Y,12860415,12860434,Y:12860417:-,0.1337,-,0.01,1,0.1337,AE,
568422,Y,12860768,12860801,Y:12860779:-,1.1853,-,0.07,1,1.1853,AE,AATAAT@-30@12860808;TATAAA@-21@12860799;AACAAA@-16@12860794
568423,Y,12860812,12860853,Y:12860838:+,9.9291,+,0.22,6,9.9291,TE,AATAAA@-16@12860823
568424,Y,12860969,12860970,Y:12860970:-,0.0168,-,0.0,1,0.0168,IG,AATGAA@-39@12861008;CATAAA@-9@12860978
568425,Y,12877697,12877712,Y:12877698:+,0.0074,+,0.0,1,0.0074,IG,GATAAA@-27@12877672;AACAAA@-23@12877676;AATATA@-18@12877681
568426,Y,12882981,12882982,Y:12882982:-,0.0108,-,0.02,1,0.0108,IG,TATAAA@-22@12883003
568427,Y,12902845,12902846,Y:12902846:+,0.0058,+,0.0,1,0.0058,IG,AATACA@-25@12902822;ATTATA@-13@12902834;TATAAA@-11@12902836
568428,Y,12904574,12904576,Y:12904576:+,0.0051,+,0.0,1,0.0051,IN,
568429,Y,12907027,12907028,Y:12907028:-,0.0014,-,0.0,1,0.0014,AI,GATAAA@-42@12907069
568430,Y,12910380,12910381,Y:12910381:-,0.0044,-,0.0,1,0.0044,AI,AATGAA@-44@12910424;AATAAA@-20@12910400
568431,Y,12911954,12911956,Y:12911955:+,0.0116,+,0.0,1,0.0116,EX,
568432,Y,12913791,12913793,Y:12913792:+,0.0072,+,0.0,1,0.0072,TE,
568433,Y,12915893,12915895,Y:12915894:+,0.004,+,0.0,1,0.004,EX,ATTAAA@-51@12915844
568434,Y,12916293,12916294,Y:12916294:+,0.0044,+,0.0,1,0.0044,TE,AACAAA@-57@12916238
568435,Y,12916412,12916414,Y:12916413:+,0.0033,+,0.0,1,0.0033,EX,
568436,Y,12918259,12918260,Y:12918260:+,0.0109,+,0.0,1,0.0109,TE,
568437,Y,12918344,12918390,Y:12918377:+,0.549,+,0.06,4,0.549,TE,ATTAAA@-35@12918343
568438,Y,12918518,12918567,Y:12918536:+,0.2307,+,0.06,4,0.2307,TE,AATAAA@-29@12918508;ACTAAA@-20@12918517
568439,Y,12920350,12920373,Y:12920358:+,0.0501,+,0.02,1,0.0501,TE,AGTAAA@-29@12920330;AATAAA@-25@12920334
568440,Y,12920428,12920444,Y:12920429:-,0.0819,-,0.02,1,0.0819,AE,AGTAAA@-29@12920457;AATAAA@-18@12920446
568441,Y,12920452,12920489,Y:12920478:+,23.1415,+,0.28,5,23.1415,TE,ACTAAA@-24@12920455;AATAAA@-19@12920460
568442,Y,12938897,12938903,Y:12938903:+,0.021,+,0.0,1,0.021,AI,AATATA@-20@12938884
568443,Y,12940011,12940012,Y:12940012:+,0.0105,+,0.0,1,0.0105,AI,AATAAA@-22@12939991
568444,Y,12984031,12984032,Y:12984032:+,0.0038,+,0.0,1,0.0038,IG,
568445,Y,12994484,12994485,Y:12994485:-,0.0006,-,0.0,1,0.0006,IG,
568446,Y,13001336,13001337,Y:13001337:-,0.0007,-,0.0,1,0.0007,IG,ATTATA@-44@13001380;AGTAAA@-32@13001368;AATAAA@-28@13001364;AAGAAA@-13@13001349;AATGAA@-9@13001345
568447,Y,13010417,13010418,Y:13010418:+,0.0011,+,0.0,1,0.0011,IG,AATAAT@-33@13010386;AATAAA@-30@13010389;AATAAA@-24@13010395;AATATA@-16@13010403;TATAAA@-8@13010411
568448,Y,13051722,13051723,Y:13051723:+,0.0007,+,0.0,1,0.0007,IG,ATTATA@-21@13051703;AATGAA@-12@13051712
568449,Y,13062185,13062186,Y:13062186:-,0.0011,-,0.0,1,0.0011,IG,TATAAA@-26@13062211
568450,Y,13097729,13097730,Y:13097730:+,0.0081,+,0.02,1,0.0081,IG,ATTAAA@-27@13097704
568451,Y,13123379,13123380,Y:13123380:-,0.0007,-,0.0,1,0.0007,IG,AAGAAA@-19@13123398;AATAAA@-13@13123392;AAGAAA@-9@13123388
568452,Y,13124599,13124600,Y:13124600:-,0.0004,-,0.0,1,0.0004,IG,CATAAA@-17@13124616
568453,Y,13130477,13130478,Y:13130478:-,0.0014,-,0.0,1,0.0014,IG,AATAAT@-37@13130514;AATAAA@-34@13130511;AAGAAA@-29@13130506;AAGAAA@-20@13130497;AAGAAA@-9@13130486
568454,Y,13149733,13149740,Y:13149740:+,0.0043,+,0.0,1,0.0043,IG,AATAAA@-26@13149715
568455,Y,13162338,13162339,Y:13162339:+,0.0061,+,0.01,1,0.0061,AU,AGTAAA@-34@13162306;AATAAA@-30@13162310;CATAAA@-10@13162330
568456,Y,13190834,13190837,Y:13190837:-,0.0177,-,0.02,1,0.0177,IG,AATAAA@-32@13190868;AAGAAA@-17@13190853
568457,Y,13200046,13200047,Y:13200047:-,0.0014,-,0.0,1,0.0014,IG,ATTATA@-37@13200083;TATAAA@-35@13200081;AATAAA@-13@13200059
568458,Y,13205525,13205526,Y:13205526:-,0.0048,-,0.0,1,0.0048,IG,TATAAA@-20@13205545
568459,Y,13208696,13208697,Y:13208697:+,0.0011,+,0.0,1,0.0011,IG,
568460,Y,13213156,13213157,Y:13213157:+,0.0011,+,0.0,1,0.0011,IG,AACAAG@-54@13213104;AATAAA@-31@13213127;AATAAA@-27@13213131;AATAAA@-23@13213135;AATAAA@-19@13213139;AATAAA@-15@13213143;AATAAA@-11@13213147
568461,Y,13219030,13219031,Y:13219031:+,0.0045,+,0.02,1,0.0045,IG,AATAAA@-31@13219001;AATAAA@-24@13219008;ATTAAA@-19@13219013;AATAAA@-15@13219017;AATAAA@-10@13219022
568462,Y,13221341,13221343,Y:13221343:-,0.0083,-,0.0,1,0.0083,IG,AACAAG@-52@13221394;ATTAAA@-43@13221385
568463,Y,13229792,13229793,Y:13229793:-,0.0007,-,0.0,1,0.0007,IG,
568464,Y,13233837,13233844,Y:13233844:-,0.0068,-,0.01,2,0.0068,IG,ATTATA@-39@13233882;AATACA@-16@13233859
568465,Y,13233896,13233909,Y:13233898:-,0.0609,-,0.03,3,0.0609,IG,AATAAA@-30@13233927
568466,Y,13234576,13234609,Y:13234582:-,1.3341,-,0.16,5,1.3341,IG,AATAAA@-27@13234608
568467,Y,13235498,13235529,Y:13235520:-,0.0286,-,0.02,3,0.0286,IG,AATACA@-29@13235548
568468,Y,13236141,13236142,Y:13236142:+,0.0084,+,0.0,1,0.0084,IG,TATAAA@-49@13236094;ACTAAA@-38@13236105;AATGAA@-31@13236112;AACAAA@-19@13236124
568469,Y,13236399,13236403,Y:13236400:-,0.0042,-,0.0,1,0.0042,IG,AGTAAA@-29@13236428
568470,Y,13244422,13244445,Y:13244441:-,0.0192,-,0.01,1,0.0192,IG,ATTAAA@-29@13244469
568471,Y,13244659,13244674,Y:13244673:-,0.0385,-,0.02,3,0.0385,IG,CATAAA@-59@13244731;AATAAA@-27@13244699;AAGAAA@-18@13244690
568472,Y,13245352,13245359,Y:13245354:-,0.0287,-,0.02,1,0.0287,IG,CATAAA@-13@13245366
568473,Y,13248377,13248405,Y:13248386:-,0.2901,-,0.07,5,0.2901,TE,AATAAT@-19@13248404
568474,Y,13248422,13248458,Y:13248439:-,0.6347,-,0.13,5,0.6347,TE,AGTAAA@-42@13248480;AATAAG@-32@13248470;ATTAAA@-22@13248460
568475,Y,13249045,13249047,Y:13249046:-,0.0277,-,0.02,2,0.0277,TE,GATAAA@-53@13249098;ATTATA@-37@13249082;ATTAAA@-20@13249065
568476,Y,13249245,13249246,Y:13249246:-,0.0033,-,0.0,1,0.0033,TE,AAGAAA@-42@13249287;AATAAA@-38@13249283
568477,Y,13271237,13271238,Y:13271238:-,0.0087,-,0.0,1,0.0087,IN,AATAAA@-21@13271258
568478,Y,13271359,13271383,Y:13271360:-,0.0442,-,0.01,2,0.0442,IN,TATAAA@-60@13271419;AATAAA@-26@13271385
568479,Y,13287554,13287555,Y:13287555:+,0.0042,+,0.01,1,0.0042,DS,TATAAA@-40@13287516;AATAAA@-36@13287520;AACAAG@-30@13287526
568480,Y,13290012,13290013,Y:13290013:+,0.0004,+,0.0,1,0.0004,AI,AATAAA@-26@13289988;AATAAA@-16@13289998;AATAAA@-12@13290002
568481,Y,13297252,13297257,Y:13297257:-,0.0119,-,0.0,1,0.0119,IN,GATAAA@-22@13297278
568482,Y,13297507,13297510,Y:13297510:-,0.0182,-,0.01,1,0.0182,TE,TATAAA@-37@13297546;ATTAAA@-21@13297530
568483,Y,13300586,13300587,Y:13300587:-,0.0004,-,0.0,1,0.0004,IN,AACAAA@-15@13300601
568484,Y,13322051,13322054,Y:13322052:-,0.0085,-,0.0,1,0.0085,IN,
568485,Y,13322666,13322667,Y:13322667:-,0.0008,-,0.0,1,0.0008,IN,AATAAG@-44@13322710;AAGAAA@-12@13322678
568486,Y,13323025,13323059,Y:13323035:-,1.1842,-,0.06,4,1.1842,TE,ATTACA@-58@13323092;AATAAA@-23@13323057
568487,Y,13323059,13323080,Y:13323060:+,0.6796,+,0.03,1,0.6796,AE,ATTAAA@-55@13323006;AATAAA@-50@13323011;AATAAG@-34@13323027
568488,Y,13335985,13335986,Y:13335986:+,0.0085,+,0.0,1,0.0085,AE,AATAAA@-40@13335947
568489,Y,13345494,13345498,Y:13345498:+,0.0075,+,0.0,1,0.0075,AI,AATAAT@-60@13345439;AATAGA@-57@13345442;AGTAAA@-49@13345450;ATTAAA@-20@13345479
568490,Y,13348399,13348411,Y:13348400:-,0.0074,-,0.0,1,0.0074,IN,AATAAG@-53@13348452;ATTATA@-26@13348425
568491,Y,13351673,13351676,Y:13351675:-,0.0131,-,0.0,1,0.0131,IN,AATAAA@-32@13351706
568492,Y,13355395,13355396,Y:13355396:-,0.0185,-,0.01,1,0.0185,EX,
568493,Y,13360770,13360775,Y:13360775:+,0.0051,+,0.0,1,0.0051,AI,AATAAA@-18@13360758
568494,Y,13367631,13367632,Y:13367632:-,0.0033,-,0.0,1,0.0033,IN,AATAAA@-22@13367653
568495,Y,13385461,13385462,Y:13385462:-,0.0056,-,0.0,1,0.0056,IN,ATTATA@-45@13385506
568496,Y,13387199,13387208,Y:13387200:-,0.0105,-,0.0,1,0.0105,IN,ATTATA@-28@13387227
568497,Y,13388867,13388869,Y:13388869:-,0.0033,-,0.0,1,0.0033,IN,
568498,Y,13393136,13393144,Y:13393140:-,0.0533,-,0.03,2,0.0533,IN,AATAAA@-22@13393161
568499,Y,13394514,13394516,Y:13394516:-,0.0028,-,0.0,1,0.0028,IN,
568500,Y,13396301,13396306,Y:13396302:-,0.0087,-,0.0,1,0.0087,TE,GATAAA@-48@13396349;ATTAAA@-31@13396332
568501,Y,13402182,13402183,Y:13402183:+,0.0006,+,0.0,1,0.0006,AI,ATTACA@-25@13402159;TATAAA@-15@13402169;AATAAA@-8@13402176
568502,Y,13408299,13408300,Y:13408300:+,0.0013,+,0.0,1,0.0013,AI,
568503,Y,13414786,13414789,Y:13414789:-,0.0036,-,0.0,1,0.0036,EX,AATAGA@-55@13414843;TATAAA@-49@13414837;TATAAA@-37@13414825
568504,Y,13419585,13419586,Y:13419586:-,0.0004,-,0.0,1,0.0004,IN,AATAGA@-30@13419615;AATGAA@-25@13419610;AATAAA@-20@13419605;AATAAA@-15@13419600;AATAAA@-11@13419596;AATAAA@-7@13419592
568505,Y,13423265,13423266,Y:13423266:-,0.0004,-,0.0,1,0.0004,IN,
568506,Y,13453504,13453527,Y:13453521:-,0.0256,-,0.01,1,0.0256,IN,AATAAA@-20@13453540;ATTAAA@-9@13453529
568507,Y,13466351,13466352,Y:13466352:-,0.0052,-,0.0,1,0.0052,IN,AATATA@-28@13466379;TATAAA@-26@13466377
568508,Y,13467814,13467815,Y:13467815:+,0.0008,+,0.0,1,0.0008,AI,AAGAAA@-41@13467775;AAGAAA@-26@13467790;ATTAAA@-21@13467795;AATACA@-15@13467801
568509,Y,13475132,13475133,Y:13475133:-,0.0004,-,0.0,1,0.0004,IN,AATAAA@-15@13475147
568510,Y,13476057,13476058,Y:13476058:-,0.0057,-,0.0,1,0.0057,IN,AATAAA@-21@13476078
568511,Y,13476437,13476445,Y:13476438:-,0.0074,-,0.0,1,0.0074,IN,ATTAAA@-32@13476469
568512,Y,13477084,13477089,Y:13477085:-,0.0363,-,0.01,1,0.0363,IN,AATAAA@-28@13477112
568513,Y,13477635,13477636,Y:13477636:+,0.0011,+,0.0,1,0.0011,AI,
568514,Y,13477868,13477869,Y:13477869:-,0.0218,-,0.04,1,0.0218,IN,GATAAA@-59@13477927;AATGAA@-55@13477923
568515,Y,13480253,13480267,Y:13480261:+,0.0157,+,0.01,1,0.0157,AE,
568516,Y,13489511,13489519,Y:13489519:+,0.1894,+,0.04,3,0.1894,IG,AATAAA@-24@13489496
568517,Y,13495963,13495964,Y:13495964:-,0.0014,-,0.0,1,0.0014,IG,AACAAG@-57@13496020;AATAAA@-29@13495992;AATAAA@-19@13495982;AATGAA@-10@13495973
568518,Y,13500942,13500943,Y:13500943:+,0.0004,+,0.0,1,0.0004,IG,AATAGA@-60@13500884;ATTAAA@-21@13500923
568519,Y,13548076,13548077,Y:13548077:+,0.0029,+,0.0,1,0.0029,IG,AATACA@-55@13548023;ATTAAA@-32@13548046
568520,Y,13568485,13568486,Y:13568486:-,0.0014,-,0.0,1,0.0014,IG,AACAAA@-53@13568538;ATTAAA@-33@13568518;AATGAA@-28@13568513;AAGAAA@-11@13568496
568521,Y,13618117,13618118,Y:13618118:-,0.0004,-,0.0,1,0.0004,IG,
568522,Y,13648815,13648817,Y:13648816:-,0.0074,-,0.0,1,0.0074,IG,AATAAA@-43@13648858
568523,Y,13703513,13703516,Y:13703514:+,0.0048,+,0.0,1,0.0048,IG,
568524,Y,13704986,13704987,Y:13704987:+,0.0058,+,0.0,1,0.0058,IN,AATAAT@-51@13704937;AATAAT@-26@13704962;AATATA@-23@13704965
568525,Y,13705553,13705578,Y:13705578:+,0.016,+,0.01,2,0.016,TE,AATGAA@-22@13705557
568526,Y,13705645,13705654,Y:13705651:+,0.0595,+,0.02,4,0.0595,TE,
568527,Y,13705786,13705794,Y:13705790:+,0.0433,+,0.03,4,0.0433,TE,AATAAA@-21@13705770
568528,Y,13705995,13705996,Y:13705996:+,0.0014,+,0.0,1,0.0014,TE,ATTACA@-21@13705976
568529,Y,13706008,13706042,Y:13706033:+,0.6895,+,0.11,5,0.6895,TE,ATTACA@-58@13705976;AATAAA@-32@13706002;AAGAAA@-16@13706018
568530,Y,13707640,13707654,Y:13707652:+,0.0309,+,0.02,3,0.0309,IN,AATAAT@-29@13707624;AATAAA@-26@13707627
568531,Y,13708939,13708940,Y:13708940:+,0.0157,+,0.0,1,0.0157,IN,ACTAAA@-18@13708923
568532,Y,13758220,13758222,Y:13758222:-,0.048,-,0.04,1,0.048,AI,AATAAA@-44@13758265;AATAAA@-29@13758250
568533,Y,13794206,13794207,Y:13794207:+,0.0004,+,0.0,1,0.0004,IN,AATAAA@-41@13794167;AATAAA@-36@13794172;AATAAA@-31@13794177;AATAAA@-27@13794181;AATAAA@-23@13794185;AATAAA@-19@13794189;AATATA@-15@13794193
568534,Y,13806365,13806367,Y:13806366:+,0.0094,+,0.0,1,0.0094,IN,
568535,Y,13816238,13816239,Y:13816239:-,0.0189,-,0.0,1,0.0189,AI,
568536,Y,13843836,13843837,Y:13843837:+,0.0085,+,0.0,1,0.0085,IN,AATAAA@-24@13843814
568537,Y,13888941,13888942,Y:13888942:+,0.0068,+,0.0,1,0.0068,TE,AATAAA@-38@13888905
568538,Y,13889006,13889010,Y:13889010:+,0.0281,+,0.02,2,0.0281,IN,AATAAA@-20@13888991
568539,Y,13901228,13901230,Y:13901230:-,0.0175,-,0.0,1,0.0175,AI,AACAAG@-21@13901250
568540,Y,13917876,13917879,Y:13917877:+,0.0053,+,0.01,1,0.0053,IG,AATAGA@-58@13917820;AATAAA@-18@13917860
568541,Y,13974510,13974511,Y:13974511:+,0.0004,+,0.0,1,0.0004,IG,AATAAA@-7@13974505
568542,Y,13985772,13985773,Y:13985773:-,0.0058,-,0.0,1,0.0058,TE,AATAAA@-25@13985797;AATGAA@-20@13985792
568543,Y,14085913,14085914,Y:14085914:+,0.0007,+,0.0,1,0.0007,IN,AATAAA@-26@14085889;CATAAA@-8@14085907
568544,Y,14093914,14093915,Y:14093915:-,0.0004,-,0.0,1,0.0004,IG,
568545,Y,14127753,14127754,Y:14127754:-,0.0007,-,0.0,1,0.0007,IG,
568546,Y,14186719,14186720,Y:14186720:-,0.0004,-,0.0,1,0.0004,IG,
568547,Y,14186757,14186758,Y:14186758:-,0.0007,-,0.0,1,0.0007,IG,ATTAAA@-51@14186808;AGTAAA@-46@14186803
568548,Y,14190755,14190756,Y:14190756:-,0.0031,-,0.0,1,0.0031,IG,CATAAA@-19@14190774;AATAAA@-15@14190770
568549,Y,14196426,14196427,Y:14196427:-,0.0017,-,0.01,1,0.0017,IG,AATAAA@-18@14196444
568550,Y,14199547,14199548,Y:14199548:-,0.0007,-,0.0,1,0.0007,IG,CATAAA@-18@14199565;AATAAT@-14@14199561
568551,Y,14208546,14208547,Y:14208547:+,0.0033,+,0.01,1,0.0033,IG,AATAAT@-25@14208523;AATAAT@-22@14208526;AATAAA@-19@14208529;AATAAA@-14@14208534
568552,Y,14225180,14225181,Y:14225181:-,0.0027,-,0.01,1,0.0027,IG,AATAGA@-21@14225201
568553,Y,14240742,14240743,Y:14240743:+,0.0004,+,0.0,1,0.0004,IG,ATTACA@-35@14240709;GATAAA@-22@14240722;AATAAA@-13@14240731;AACAAA@-8@14240736
568554,Y,14254837,14254838,Y:14254838:+,0.0013,+,0.0,1,0.0013,IG,ATTATA@-39@14254800;AATAAT@-20@14254819;AACAAA@-9@14254830
568555,Y,14419062,14419063,Y:14419063:+,0.0004,+,0.0,1,0.0004,IG,ACTAAA@-25@14419039;AATAGA@-19@14419045
568556,Y,14426090,14426091,Y:14426091:-,0.0004,-,0.0,1,0.0004,IG,AAGAAA@-11@14426101
568557,Y,14446489,14446490,Y:14446490:-,0.0013,-,0.01,1,0.0013,IG,AATAAA@-12@14446501
568558,Y,14453993,14453994,Y:14453994:-,0.0041,-,0.01,1,0.0041,IG,CATAAA@-44@14454037;AATAAA@-30@14454023;AATAAA@-22@14454015;ATTAAA@-14@14454007
568559,Y,14464698,14464699,Y:14464699:+,0.002,+,0.01,1,0.002,IG,AATAAA@-32@14464668;AATAGA@-17@14464683
568560,Y,14475304,14475309,Y:14475307:-,0.0076,-,0.0,1,0.0076,IG,AGTAAA@-22@14475328
568561,Y,14547983,14547984,Y:14547984:+,0.0004,+,0.0,1,0.0004,IN,AAGAAA@-18@14547967
568562,Y,14625878,14625888,Y:14625883:-,0.0183,-,0.01,2,0.0183,AI,AATACA@-25@14625907
568563,Y,14632447,14632448,Y:14632448:+,0.0011,+,0.0,1,0.0011,IN,GATAAA@-49@14632400
568564,Y,14636319,14636320,Y:14636320:+,0.0053,+,0.01,1,0.0053,IN,
568565,Y,14653362,14653363,Y:14653363:-,0.0074,-,0.0,1,0.0074,AI,AATAAA@-24@14653386;AATAAG@-20@14653382
568566,Y,14663827,14663828,Y:14663828:-,0.0004,-,0.0,1,0.0004,AI,ATTAAA@-52@14663879;AATAAA@-37@14663864;AAGAAA@-33@14663860;AATATA@-9@14663836;TATAAA@-7@14663834
568567,Y,14739702,14739716,Y:14739716:+,0.0031,+,0.0,1,0.0031,IN,ATTACA@-30@14739687
568568,Y,14740396,14740398,Y:14740397:+,0.0061,+,0.0,1,0.0061,IN,AATATA@-20@14740378
568569,Y,14742683,14742685,Y:14742685:+,0.0048,+,0.0,1,0.0048,IN,
568570,Y,14742746,14742759,Y:14742748:+,0.0341,+,0.02,2,0.0341,IN,ATTAAA@-24@14742725
568571,Y,14748810,14748819,Y:14748819:+,0.0447,+,0.01,1,0.0447,IN,
568572,Y,14752804,14752812,Y:14752812:+,0.0473,+,0.02,4,0.0473,IN,AGTAAA@-28@14752785
568573,Y,14752806,14752807,Y:14752807:-,0.0047,-,0.0,1,0.0047,AI,AATAAA@-26@14752832;ATTAAA@-9@14752815
568574,Y,14754474,14754475,Y:14754475:-,0.0036,-,0.0,1,0.0036,AI,AGTAAA@-11@14754485
568575,Y,14766566,14766568,Y:14766568:+,0.0109,+,0.0,1,0.0109,IN,AAGAAA@-40@14766529;ATTAAA@-22@14766547
568576,Y,14790276,14790279,Y:14790279:-,0.0046,-,0.0,1,0.0046,AI,AATAAA@-43@14790321;ATTATA@-21@14790299;TATAAA@-19@14790297
568577,Y,14804182,14804193,Y:14804183:+,0.0108,+,0.0,1,0.0108,IN,AATAAA@-18@14804166
568578,Y,14827802,14827803,Y:14827803:+,0.0004,+,0.0,1,0.0004,IN,AATAAA@-21@14827783;GATAAA@-15@14827789;GATAAA@-9@14827795
568579,Y,14835621,14835622,Y:14835622:+,0.0007,+,0.0,1,0.0007,IN,AAGAAA@-57@14835566;AAGAAA@-42@14835581;AAGAAA@-19@14835604
568580,Y,14841511,14841512,Y:14841512:+,0.0029,+,0.0,1,0.0029,TE,
568581,Y,14842640,14842646,Y:14842641:+,0.0044,+,0.0,1,0.0044,TE,AGTAAA@-60@14842582;GATAAA@-21@14842621
568582,Y,14843931,14843983,Y:14843952:+,0.3962,+,0.09,4,0.3962,TE,TATAAA@-49@14843904;AATAAT@-26@14843927;AATAAA@-23@14843930
568583,Y,14844922,14844944,Y:14844944:+,0.09,+,0.04,4,0.09,TE,AATATA@-59@14844886;ATTAAA@-24@14844921
568584,Y,14845646,14845666,Y:14845666:+,0.0428,+,0.02,3,0.0428,TE,AATAAG@-51@14845616;AATAAA@-34@14845633;AATATA@-29@14845638;TATAAA@-18@14845649
568585,Y,14846912,14846920,Y:14846920:+,0.0041,+,0.0,1,0.0041,IG,ATTAAA@-27@14846894
568586,Y,14853531,14853532,Y:14853532:+,0.0053,+,0.0,1,0.0053,IG,ATTATA@-36@14853497;AATAAA@-23@14853510;AATAAA@-17@14853516;AATAAG@-13@14853520;AGTAAA@-9@14853524
568587,Y,14855371,14855376,Y:14855372:-,0.0074,-,0.0,1,0.0074,IG,ATTATA@-19@14855390
568588,Y,14894612,14894613,Y:14894613:-,0.0004,-,0.0,1,0.0004,IG,
568589,Y,14906592,14906593,Y:14906593:+,0.0006,+,0.0,1,0.0006,IG,AATAAT@-45@14906549;GATAAA@-24@14906570
568590,Y,14940686,14940688,Y:14940687:-,0.0078,-,0.01,2,0.0078,DS,ACTAAA@-28@14940714;ATTAAA@-18@14940704;AAGAAA@-12@14940698
568591,Y,14974657,14974658,Y:14974658:-,0.0017,-,0.0,1,0.0017,IG,AATAAT@-48@14974705;ATTAAA@-44@14974701;AATAAA@-39@14974696;AATAAA@-31@14974688;AATAAA@-17@14974674;AATAAA@-10@14974667
568592,Y,15026426,15026429,Y:15026427:-,0.12,-,0.02,1,0.12,IG,
568593,Y,15026708,15026709,Y:15026709:+,0.379,+,0.03,1,0.379,IG,AAGAAA@-19@15026691;ATTAAA@-9@15026701
568594,Y,15034711,15034712,Y:15034712:+,0.0004,+,0.0,1,0.0004,IG,AATAAA@-32@15034681;AATAAA@-28@15034685;AATATA@-24@15034689;TATAAA@-20@15034693;AATAAA@-16@15034697;AATAAA@-7@15034706
568595,Y,15058271,15058272,Y:15058272:-,0.0003,-,0.0,1,0.0003,IG,AAGAAA@-12@15058283
568596,Y,15072777,15072778,Y:15072778:-,0.0007,-,0.0,1,0.0007,IG,AATAGA@-15@15072792
568597,Y,15121924,15121925,Y:15121925:-,0.0004,-,0.0,1,0.0004,IG,AACAAA@-33@15121957;AATAAT@-27@15121951;AATAAG@-24@15121948;TATAAA@-18@15121942;AATAAA@-14@15121938;AATAAA@-9@15121933
568598,Y,15138143,15138144,Y:15138144:+,0.0055,+,0.02,1,0.0055,IG,ATTATA@-47@15138098;AATAAT@-42@15138103;ATTATA@-24@15138121
568599,Y,15171298,15171299,Y:15171299:-,0.0004,-,0.0,1,0.0004,IG,GATAAA@-48@15171346;AACAAA@-44@15171342;AATAAT@-37@15171335;ATTATA@-25@15171323;TATAAA@-23@15171321;AATAAA@-19@15171317
568600,Y,15197157,15197158,Y:15197158:+,0.0008,+,0.0,1,0.0008,IG,AATAAA@-52@15197107;AATACA@-48@15197111
568601,Y,15200345,15200346,Y:15200346:+,0.0008,+,0.0,1,0.0008,IG,AATAAT@-46@15200301;ATTACA@-34@15200313
568602,Y,15201451,15201452,Y:15201452:+,0.0007,+,0.0,1,0.0007,IG,
568603,Y,15212899,15212900,Y:15212900:-,0.0004,-,0.0,1,0.0004,IG,AATGAA@-56@15212955;AAGAAA@-46@15212945;CATAAA@-19@15212918
568604,Y,15217298,15217300,Y:15217299:-,0.0074,-,0.0,1,0.0074,IG,
568605,Y,15245839,15245840,Y:15245840:-,0.0043,-,0.0,1,0.0043,IG,AATACA@-42@15245881;AAGAAA@-33@15245872
568606,Y,15325912,15325913,Y:15325913:-,0.0036,-,0.01,1,0.0036,IG,AATAAT@-36@15325948
568607,Y,15432138,15432153,Y:15432153:+,0.0064,+,0.01,2,0.0064,AI,GATAAA@-52@15432102;AATAAA@-45@15432109;AATAAA@-38@15432116;AATAAA@-17@15432137
568608,Y,15439934,15439935,Y:15439935:+,0.0018,+,0.0,1,0.0018,AI,AATAAA@-57@15439879;AATAAA@-51@15439885;AATAAA@-47@15439889;AATAAT@-43@15439893;AATAAA@-40@15439896;AATAAA@-36@15439900;AATAAA@-32@15439904;AATAAA@-28@15439908;AATAAA@-24@15439912;AATAAT@-20@15439916;AATAAA@-17@15439919;AATATA@-10@15439926;TATAAA@-8@15439928
568609,Y,15466681,15466682,Y:15466682:-,0.0072,-,0.0,1,0.0072,IG,AATAAA@-18@15466699
568610,Y,15473634,15473635,Y:15473635:-,0.0023,-,0.01,1,0.0023,IG,AATAAT@-46@15473680;AATAAT@-43@15473677;AATAAT@-40@15473674;AATAAT@-37@15473671;AGTAAA@-16@15473650
568611,Y,15542129,15542130,Y:15542130:-,0.0223,-,0.04,1,0.0223,IG,ATTAAA@-30@15542159;AATGAA@-25@15542154
568612,Y,15577966,15577968,Y:15577968:-,0.4597,-,0.09,2,0.4597,AI,
568613,Y,15597172,15597173,Y:15597173:+,0.0031,+,0.0,1,0.0031,IG,ATTAAA@-29@15597145
568614,Y,15622961,15622963,Y:15622963:-,0.5014,-,0.03,2,0.5014,IG,
568615,Y,15633364,15633365,Y:15633365:+,0.0011,+,0.0,1,0.0011,IG,AATAAA@-38@15633328;AATAAA@-33@15633333;AATATA@-28@15633338;AATAAA@-19@15633347
568616,Y,15657253,15657254,Y:15657254:+,0.1028,+,0.02,1,0.1028,IG,TATAAA@-13@15657242
568617,Y,15658461,15658462,Y:15658462:+,0.0007,+,0.0,1,0.0007,IG,AATAAA@-43@15658420;AATAAA@-39@15658424;AATAAA@-35@15658428;AATAAA@-31@15658432;AATAAA@-27@15658436;AATAAA@-23@15658440;AACAAA@-19@15658444;AATAAA@-15@15658448;AATAAA@-8@15658455
568618,Y,15719159,15719160,Y:15719160:+,0.0007,+,0.0,1,0.0007,IG,AATAAA@-23@15719138;AATAAA@-14@15719147
568619,Y,15750067,15750069,Y:15750068:-,0.0016,-,0.0,1,0.0016,IG,AAGAAA@-15@15750082
568620,Y,15781743,15781745,Y:15781744:-,0.0074,-,0.0,1,0.0074,IG,
568621,Y,15784520,15784521,Y:15784521:+,0.0007,+,0.0,1,0.0007,IG,AATAAA@-21@15784501;AATAAT@-16@15784506;ATTAAA@-12@15784510
568622,Y,15802386,15802387,Y:15802387:+,0.0037,+,0.0,1,0.0037,IG,
568623,Y,15802411,15802412,Y:15802412:+,0.0037,+,0.0,1,0.0037,IG,
568624,Y,15820538,15820539,Y:15820539:+,0.0004,+,0.0,1,0.0004,IG,ATTATA@-46@15820494
568625,Y,15882971,15882986,Y:15882975:-,0.9381,-,0.09,3,0.9381,IG,
568626,Y,15894773,15894774,Y:15894774:-,0.0004,-,0.0,1,0.0004,IG,AATAAT@-58@15894831;AATAAT@-55@15894828;AATAAT@-52@15894825;AATAAT@-49@15894822;AATAAT@-46@15894819;AATAAT@-43@15894816;AATAAT@-40@15894813;AATAAA@-33@15894806
568627,Y,15896811,15896825,Y:15896825:+,0.6137,+,0.06,3,0.6137,IG,
568628,Y,15936905,15936907,Y:15936906:+,0.0031,+,0.0,1,0.0031,IG,CATAAA@-23@15936884;AATAGA@-17@15936890
568629,Y,15943346,15943348,Y:15943348:-,0.0111,-,0.0,1,0.0111,IG,AATAAA@-43@15943390
568630,Y,15974780,15974781,Y:15974781:-,0.0004,-,0.0,1,0.0004,IG,ATTACA@-56@15974836;GATAAA@-21@15974801
568631,Y,16015475,16015476,Y:16015476:-,0.0068,-,0.01,2,0.0068,IG,AACAAA@-59@16015534;AACAAA@-55@16015530;CATAAA@-45@16015520;ACTAAA@-32@16015507;AATAAA@-16@16015491
568632,Y,16032088,16032089,Y:16032089:+,0.0032,+,0.01,1,0.0032,IG,AATAAT@-39@16032051;AATAAA@-36@16032054;ATTAAA@-28@16032062;ATTAAA@-21@16032069;AAGAAA@-15@16032075;AAGAAA@-9@16032081
568633,Y,16123815,16123816,Y:16123816:+,0.0007,+,0.01,1,0.0007,IG,AATAAA@-32@16123785
568634,Y,16157019,16157020,Y:16157020:+,0.0006,+,0.0,1,0.0006,IG,AAGAAA@-19@16157002;CATAAA@-13@16157008
568635,Y,16204219,16204220,Y:16204220:-,0.0014,-,0.0,1,0.0014,IG,AAGAAA@-12@16204231
568636,Y,16272679,16272680,Y:16272680:+,0.0011,+,0.0,1,0.0011,IG,ATTAAA@-12@16272669
568637,Y,16278728,16278729,Y:16278729:-,0.0011,-,0.0,1,0.0011,IG,AACAAA@-31@16278759;AATAAA@-24@16278752;AACAAA@-18@16278746
568638,Y,16290180,16290181,Y:16290181:-,0.0111,-,0.0,1,0.0111,IG,AAGAAA@-58@16290238;ATTATA@-53@16290233;AATAAA@-19@16290199;AATAAA@-14@16290194
568639,Y,16302092,16302093,Y:16302093:+,0.0004,+,0.0,1,0.0004,IG,ATTAAA@-13@16302081
568640,Y,16358933,16358934,Y:16358934:+,0.0084,+,0.0,1,0.0084,IG,AATGAA@-21@16358914
568641,Y,16381058,16381059,Y:16381059:-,0.0007,-,0.0,1,0.0007,IG,ATTATA@-43@16381101;AATAAA@-32@16381090
568642,Y,16391311,16391312,Y:16391312:-,0.0004,-,0.0,1,0.0004,IG,
568643,Y,16398837,16398838,Y:16398838:-,0.0052,-,0.0,1,0.0052,IG,
568644,Y,16448261,16448262,Y:16448262:-,0.0012,-,0.01,1,0.0012,IG,AATAGA@-25@16448286
568645,Y,16492340,16492342,Y:16492341:-,0.0063,-,0.0,1,0.0063,IG,AATAAA@-28@16492368
568646,Y,16504746,16504747,Y:16504747:+,0.0004,+,0.0,1,0.0004,IG,ACTAAA@-21@16504727
568647,Y,16508598,16508599,Y:16508599:-,0.0004,-,0.0,1,0.0004,IG,ATTATA@-52@16508650;TATAAA@-50@16508648;AGTAAA@-24@16508622;AATAAA@-19@16508617;AATAAA@-14@16508612;AATGAA@-8@16508606
568648,Y,16519597,16519598,Y:16519598:-,0.0034,-,0.01,1,0.0034,IG,
568649,Y,16535699,16535701,Y:16535701:-,0.5153,-,0.05,1,0.5153,IG,
568650,Y,16584008,16584009,Y:16584009:-,0.0004,-,0.0,1,0.0004,IG,ATTAAA@-36@16584044;ATTAAA@-31@16584039;ATTAAA@-26@16584034;ATTAAA@-21@16584029;ATTAAA@-12@16584020
568651,Y,16663598,16663599,Y:16663599:+,0.0011,+,0.0,1,0.0011,IG,AGTAAA@-22@16663578
568652,Y,16738532,16738535,Y:16738533:+,0.0063,+,0.0,1,0.0063,IG,AATAGA@-55@16738479;TATAAA@-21@16738513;AATAAA@-17@16738517
568653,Y,16781033,16781038,Y:16781034:-,0.0074,-,0.0,1,0.0074,IG,ATTATA@-59@16781092;TATAAA@-55@16781088;ATTATA@-46@16781079;AATAAT@-35@16781068;AGTAAA@-25@16781058;ATTATA@-19@16781052
568654,Y,16831784,16831788,Y:16831785:+,0.0112,+,0.0,1,0.0112,IG,AATAAA@-20@16831766
568655,Y,16841026,16841030,Y:16841027:+,0.0051,+,0.0,1,0.0051,IG,AGTAAA@-10@16841018
568656,Y,16864931,16864932,Y:16864932:+,0.0008,+,0.0,1,0.0008,IG,AATAAT@-35@16864898;AATAAT@-32@16864901;AATAAA@-29@16864904;ATTAAA@-23@16864910;AAGAAA@-12@16864921
568657,Y,16945221,16945222,Y:16945222:-,0.0032,-,0.0,1,0.0032,IG,AAGAAA@-38@16945259;AATGAA@-24@16945245;AACAAA@-19@16945240;AATAAA@-15@16945236
568658,Y,16952759,16952760,Y:16952760:+,0.0022,+,0.01,1,0.0022,IG,TATAAA@-23@16952738;ATTAAA@-16@16952745
568659,Y,16963012,16963013,Y:16963013:+,0.0004,+,0.0,1,0.0004,IG,AATAAA@-25@16962989;AATAAA@-10@16963004
568660,Y,16969626,16969627,Y:16969627:-,0.0004,-,0.0,1,0.0004,IG,AATAAT@-46@16969672;AATAAT@-43@16969669;AATAAT@-40@16969666;AATAAT@-37@16969663;AATAAT@-34@16969660;AATAAT@-31@16969657;AATAAT@-28@16969654;AATAAT@-25@16969651;AATAAT@-22@16969648;AATAAT@-19@16969645;AATAAA@-16@16969642;AAGAAA@-10@16969636
568661,Y,16978181,16978182,Y:16978182:+,0.0051,+,0.0,1,0.0051,IG,ATTATA@-26@16978157
568662,Y,16991101,16991102,Y:16991102:+,0.0021,+,0.0,1,0.0021,IG,AATATA@-47@16991056;AATAAT@-42@16991061;AATAAA@-39@16991064;AATATA@-31@16991072;TATAAA@-29@16991074;AATAAA@-22@16991081;AATAAA@-16@16991087
568663,Y,16995947,16995949,Y:16995949:-,0.0204,-,0.0,1,0.0204,IG,
568664,Y,17012822,17012823,Y:17012823:-,0.0017,-,0.0,1,0.0017,IG,CATAAA@-51@17012873;AATAAA@-19@17012841
568665,Y,17020021,17020023,Y:17020022:-,0.0093,-,0.0,1,0.0093,IG,ATTAAA@-26@17020047
568666,Y,17030179,17030180,Y:17030180:-,0.0031,-,0.0,1,0.0031,IG,AGTAAA@-27@17030206;AAGAAA@-23@17030202;AATATA@-15@17030194
568667,Y,17074965,17074966,Y:17074966:+,0.0004,+,0.0,1,0.0004,IG,ACTAAA@-50@17074917
568668,Y,17117033,17117034,Y:17117034:+,0.0006,+,0.0,1,0.0006,IG,CATAAA@-42@17116993;TATAAA@-15@17117020
568669,Y,17142134,17142135,Y:17142135:+,0.0008,+,0.0,1,0.0008,IG,AACAAG@-27@17142109;AAGAAA@-24@17142112;AATAAA@-18@17142118;AATAAA@-13@17142123;AATAAA@-8@17142128
568670,Y,17147595,17147596,Y:17147596:+,0.0019,+,0.0,1,0.0019,IG,ACTAAA@-51@17147546;AATAAA@-14@17147583;AATAAA@-7@17147590
568671,Y,17151768,17151769,Y:17151769:+,0.0004,+,0.0,1,0.0004,IG,AATAGA@-50@17151720;AATAAA@-26@17151744;AATAAA@-19@17151751
568672,Y,17229105,17229106,Y:17229106:+,0.0087,+,0.0,1,0.0087,IG,AATAAT@-55@17229052;AATAAA@-19@17229088
568673,Y,17255448,17255449,Y:17255449:+,0.0008,+,0.0,1,0.0008,IG,AATAAA@-7@17255443
568674,Y,17257352,17257353,Y:17257353:+,0.0004,+,0.0,1,0.0004,IG,AATAAA@-15@17257339
568675,Y,17292992,17292993,Y:17292993:-,0.0003,-,0.0,1,0.0003,IG,AAGAAA@-35@17293027;AATACA@-24@17293016;AAGAAA@-18@17293010
568676,Y,17319740,17319741,Y:17319741:+,0.0004,+,0.0,1,0.0004,IG,AACAAA@-32@17319710;AACAAA@-28@17319714;AACAAA@-24@17319718;AACAAA@-20@17319722
568677,Y,17330829,17330830,Y:17330830:-,0.0017,-,0.0,1,0.0017,IG,ATTAAA@-22@17330851
568678,Y,17360869,17360870,Y:17360870:+,0.0014,+,0.0,1,0.0014,IG,TATAAA@-26@17360845;AATAAA@-20@17360851;AATACA@-15@17360856;AATGAA@-10@17360861
568679,Y,17375039,17375040,Y:17375040:-,0.0007,-,0.0,1,0.0007,IG,AATAAA@-37@17375076;AATAAA@-29@17375068;AATAAA@-23@17375062;AATAAA@-13@17375052;AATAAA@-8@17375047
568680,Y,17395638,17395639,Y:17395639:-,0.0046,-,0.0,1,0.0046,IG,
568681,Y,17395657,17395658,Y:17395658:+,0.0031,+,0.0,1,0.0031,IG,AATAAA@-19@17395640
568682,Y,17410035,17410036,Y:17410036:-,0.0044,-,0.0,1,0.0044,IG,AATAAA@-39@17410074;AATAAA@-35@17410070;AATAAA@-30@17410065;AATAAA@-25@17410060;AATAAA@-20@17410055;ATTAAA@-9@17410044
568683,Y,17506799,17506800,Y:17506800:-,0.0061,-,0.01,1,0.0061,AI,AATATA@-38@17506837
568684,Y,17535008,17535010,Y:17535010:-,0.0032,-,0.01,1,0.0032,IG,AAGAAA@-41@17535050
568685,Y,17587903,17587906,Y:17587905:-,0.0189,-,0.01,1,0.0189,IG,AAGAAA@-25@17587929;AAGAAA@-20@17587924
568686,Y,17614323,17614324,Y:17614324:+,0.0004,+,0.0,1,0.0004,IG,
568687,Y,17626460,17626461,Y:17626461:-,0.0011,-,0.0,1,0.0011,IG,AATAAA@-33@17626493;AATAAA@-11@17626471
568688,Y,17646904,17646905,Y:17646905:-,0.0011,-,0.0,1,0.0011,IG,ATTAAA@-35@17646939;GATAAA@-11@17646915
568689,Y,17682986,17682987,Y:17682987:-,0.0004,-,0.0,1,0.0004,IG,ATTAAA@-23@17683009;AGTAAA@-9@17682995
568690,Y,18091982,18091983,Y:18091983:-,0.0004,-,0.0,1,0.0004,IN,
568691,Y,18117064,18117066,Y:18117066:+,0.0129,+,0.01,1,0.0129,EX,AATAAA@-36@18117031
568692,Y,18232439,18232440,Y:18232440:+,0.0004,+,0.0,1,0.0004,IG,GATAAA@-16@18232425
568693,Y,18269734,18269735,Y:18269735:+,0.0004,+,0.0,1,0.0004,IG,AATATA@-57@18269679;AATAAT@-25@18269711;AATAAA@-22@18269714;GATAAA@-11@18269725
568694,Y,18322080,18322081,Y:18322081:-,0.0011,-,0.0,1,0.0011,IG,
568695,Y,18398555,18398556,Y:18398556:-,0.0011,-,0.0,1,0.0011,IN,ATTATA@-43@18398598;ATTACA@-36@18398591;AATATA@-26@18398581;AATAAA@-21@18398576;AATAAA@-9@18398564
568696,Y,18455859,18455860,Y:18455860:+,0.0173,+,0.02,1,0.0173,AI,ATTATA@-59@18455802;AATAAA@-33@18455828;AATAAA@-23@18455838;AATATA@-18@18455843
568697,Y,18561963,18561969,Y:18561969:+,0.0074,+,0.0,1,0.0074,IN,AATAAA@-21@18561949
568698,Y,18580386,18580393,Y:18580393:+,0.0074,+,0.0,1,0.0074,IN,AATAAA@-24@18580370;AATAAT@-20@18580374
568699,Y,18643634,18643635,Y:18643635:-,0.0021,-,0.0,1,0.0021,IG,AATACA@-49@18643683;TATAAA@-22@18643656
568700,Y,18643726,18643732,Y:18643732:+,0.0048,+,0.0,1,0.0048,IG,GATAAA@-25@18643708;AATAAA@-19@18643714
568701,Y,18675761,18675762,Y:18675762:+,0.0011,+,0.01,1,0.0011,IN,ACTAAA@-55@18675708;AATATA@-51@18675712;ACTAAA@-24@18675739
568702,Y,18681585,18681586,Y:18681586:-,0.0101,-,0.0,1,0.0101,AI,AATAAA@-8@18681593
568703,Y,18686346,18686347,Y:18686347:-,0.0035,-,0.0,1,0.0035,AI,
568704,Y,18687845,18687846,Y:18687846:+,0.0004,+,0.0,1,0.0004,IN,ATTAAA@-32@18687815;AATGAA@-10@18687837
568705,Y,18740009,18740010,Y:18740010:-,0.0031,-,0.0,1,0.0031,IN,AATAAA@-24@18740033;AATAAT@-20@18740029
568706,Y,18771814,18771815,Y:18771815:-,0.0043,-,0.0,1,0.0043,TE,AATAAA@-23@18771837
568707,Y,18776426,18776427,Y:18776427:+,0.0315,+,0.04,1,0.0315,AI,AATAAT@-36@18776392;AATAAA@-21@18776407
568708,Y,18789443,18789444,Y:18789444:+,0.0003,+,0.0,1,0.0003,AI,
568709,Y,18821443,18821453,Y:18821444:-,0.0074,-,0.0,1,0.0074,IN,AATATA@-26@18821469
568710,Y,18851956,18851957,Y:18851957:+,0.0003,+,0.0,1,0.0003,EX,TATAAA@-53@18851905
568711,Y,18856207,18856208,Y:18856208:-,0.0003,-,0.0,1,0.0003,IN,AATATA@-15@18856222;TATAAA@-13@18856220
568712,Y,18872502,18872503,Y:18872503:-,0.0057,-,0.0,1,0.0057,TE,AAGAAA@-44@18872546;AATAAA@-20@18872522
568713,Y,18877871,18877872,Y:18877872:+,0.0007,+,0.0,1,0.0007,AE,AATAAA@-17@18877856
568714,Y,18908016,18908017,Y:18908017:+,0.0007,+,0.0,1,0.0007,AI,AATAGA@-58@18907960;GATAAA@-54@18907964;AATGAA@-50@18907968;AATAAT@-46@18907972;ATTAAA@-42@18907976;ATTAAA@-36@18907982;ATTAAA@-29@18907989;ATTAAA@-20@18907998;AACAAA@-14@18908004
568715,Y,18914257,18914258,Y:18914258:+,0.0003,+,0.0,1,0.0003,AI,ATTAAA@-24@18914235
568716,Y,18918677,18918679,Y:18918679:-,0.0094,-,0.0,1,0.0094,IN,AATAAT@-57@18918735
568717,Y,18919522,18919523,Y:18919523:-,0.0058,-,0.0,1,0.0058,IN,ATTAAA@-18@18919540
568718,Y,18928007,18928008,Y:18928008:-,0.0043,-,0.0,1,0.0043,EX,AATAAA@-23@18928030
568719,Y,18932004,18932006,Y:18932005:-,0.0131,-,0.01,3,0.0131,TE,AATAAA@-18@18932022
568720,Y,18932676,18932708,Y:18932682:-,0.5341,-,0.1,3,0.5341,TE,AATAAA@-43@18932724;ATTAAA@-28@18932709;AACAAG@-19@18932700
568721,Y,18943996,18943997,Y:18943997:+,0.0048,+,0.0,1,0.0048,AI,ACTAAA@-60@18943938;AATATA@-48@18943950;AATAAA@-18@18943980
568722,Y,18944108,18944109,Y:18944109:-,0.0011,-,0.0,1,0.0011,IN,TATAAA@-27@18944135
568723,Y,18968764,18968766,Y:18968765:+,0.0269,+,0.03,1,0.0269,AI,AATAAA@-59@18968707;AATAAA@-55@18968711;AATAAA@-51@18968715;AATAAA@-47@18968719;AATAAA@-43@18968723;AATAAA@-39@18968727;AATAAA@-35@18968731;AATAAA@-31@18968735;AATAAA@-27@18968739;AATAAA@-23@18968743;AATAAA@-17@18968749;AATAAA@-13@18968753;AATAAA@-9@18968757
568724,Y,18978432,18978433,Y:18978433:-,0.0004,-,0.0,1,0.0004,IN,AATAAA@-32@18978464;AATAAA@-17@18978449;AATAAA@-11@18978443
568725,Y,18983300,18983301,Y:18983301:-,0.015,-,0.0,1,0.015,IN,AATAAA@-23@18983323
568726,Y,18990625,18990626,Y:18990626:-,0.0143,-,0.03,2,0.0143,IN,AATAAA@-37@18990662;AAGAAA@-31@18990656;AAGAAA@-18@18990643
568727,Y,18992102,18992110,Y:18992105:-,0.0093,-,0.02,2,0.0093,IN,AATAAG@-37@18992141;AATAGA@-31@18992135;AATAAA@-25@18992129
568728,Y,19005419,19005421,Y:19005420:-,0.0077,-,0.0,1,0.0077,IN,
568729,Y,19024408,19024412,Y:19024409:-,0.0074,-,0.0,1,0.0074,IN,AATGAA@-47@19024455;AATAAA@-25@19024433
568730,Y,19067975,19067976,Y:19067976:-,0.0004,-,0.0,1,0.0004,IN,
568731,Y,19080262,19080263,Y:19080263:+,0.0125,+,0.0,1,0.0125,IG,
568732,Y,19087058,19087062,Y:19087060:+,0.0377,+,0.02,3,0.0377,IG,ATTATA@-21@19087040;TATAAA@-19@19087042
568733,Y,19087946,19087948,Y:19087947:+,0.0051,+,0.0,1,0.0051,IG,AATAAA@-20@19087928
568734,Y,19120935,19120938,Y:19120936:-,0.0036,-,0.0,1,0.0036,IG,AATAAA@-14@19120949
568735,Y,19192164,19192165,Y:19192165:+,0.0004,+,0.0,1,0.0004,IG,
568736,Y,19195078,19195079,Y:19195079:+,0.0087,+,0.0,1,0.0087,IG,AATAAA@-8@19195072
568737,Y,19202576,19202577,Y:19202577:-,0.0014,-,0.0,1,0.0014,IG,AAGAAA@-26@19202602
568738,Y,19220067,19220068,Y:19220068:+,0.0004,+,0.0,1,0.0004,IG,
568739,Y,19243969,19243970,Y:19243970:+,0.0004,+,0.0,1,0.0004,IG,AATAAA@-11@19243960
568740,Y,19253062,19253063,Y:19253063:-,0.0068,-,0.0,1,0.0068,DS,AATAAA@-17@19253079
568741,Y,19269957,19269958,Y:19269958:-,0.0015,-,0.0,1,0.0015,IG,AACAAA@-8@19269965
568742,Y,19276891,19276893,Y:19276893:-,0.0094,-,0.01,2,0.0094,IG,
568743,Y,19283608,19283611,Y:19283611:-,0.0111,-,0.02,1,0.0111,IG,AATGAA@-18@19283628
568744,Y,19292920,19292921,Y:19292921:+,0.0098,+,0.0,1,0.0098,IG,ACTAAA@-33@19292889
568745,Y,19311646,19311647,Y:19311647:-,0.0004,-,0.0,1,0.0004,IG,ATTAAA@-40@19311686;TATAAA@-25@19311671;AAGAAA@-16@19311662
568746,Y,19348312,19348313,Y:19348313:-,0.002,-,0.01,1,0.002,IG,ATTACA@-23@19348335
568747,Y,19370613,19370614,Y:19370614:+,0.0034,+,0.0,1,0.0034,IG,
568748,Y,19371196,19371197,Y:19371197:-,0.0003,-,0.0,1,0.0003,IG,AATAAG@-27@19371223;AATAAA@-17@19371213;ACTAAA@-12@19371208
568749,Y,19382428,19382429,Y:19382429:-,0.0007,-,0.0,1,0.0007,IG,AACAAA@-57@19382485;ACTAAA@-52@19382480;AAGAAA@-35@19382463;AATAAG@-31@19382459;AAGAAA@-28@19382456;AACAAA@-15@19382443
568750,Y,19388056,19388057,Y:19388057:-,0.0065,-,0.02,1,0.0065,IG,AATATA@-32@19388088;ATTAAA@-17@19388073
568751,Y,19398334,19398335,Y:19398335:-,0.0003,-,0.0,1,0.0003,IG,AATACA@-30@19398364
568752,Y,19413917,19413918,Y:19413918:+,0.0043,+,0.0,1,0.0043,IG,
568753,Y,19432571,19432573,Y:19432572:-,0.0265,-,0.01,2,0.0265,IG,
568754,Y,19434710,19434712,Y:19434712:+,0.0222,+,0.01,1,0.0222,IG,AGTAAA@-9@19434704
568755,Y,19455429,19455431,Y:19455430:-,0.0292,-,0.01,2,0.0292,TE,AATAAA@-22@19455451
568756,Y,19457017,19457018,Y:19457018:-,0.0004,-,0.0,1,0.0004,IN,
568757,Y,19466870,19466872,Y:19466871:-,0.0559,-,0.02,2,0.0559,EX,GATAAA@-39@19466909;ATTAAA@-23@19466893
568758,Y,19480867,19480868,Y:19480868:+,0.0014,+,0.0,1,0.0014,AI,AATAAA@-17@19480852;AGTAAA@-11@19480858
568759,Y,19524679,19524680,Y:19524680:-,0.0504,-,0.0,1,0.0504,IN,AATAAA@-51@19524730;AATAAA@-20@19524699
568760,Y,19547271,19547272,Y:19547272:-,0.0004,-,0.0,1,0.0004,IN,AACAAA@-44@19547315;ATTAAA@-14@19547285
568761,Y,19550764,19550781,Y:19550771:-,0.0041,-,0.0,1,0.0041,IN,AATAAA@-29@19550799
568762,Y,19551252,19551253,Y:19551253:-,0.0044,-,0.0,1,0.0044,IN,AATAGA@-60@19551312;ATTAAA@-24@19551276
568763,Y,19553894,19553910,Y:19553902:-,0.0117,-,0.01,2,0.0117,IN,AACAAG@-42@19553943;AATAAA@-29@19553930
568764,Y,19555391,19555401,Y:19555392:-,0.2634,-,0.08,5,0.2634,TE,GATAAA@-48@19555439;AATAAA@-26@19555417
568765,Y,19555601,19555602,Y:19555602:+,0.0017,+,0.0,1,0.0017,AE,
568766,Y,19589823,19589855,Y:19589847:+,0.524,+,0.07,5,0.524,TE,AATAAT@-41@19589807;AATAAA@-19@19589829
568767,Y,19590194,19590242,Y:19590242:+,0.0391,+,0.02,3,0.0391,TE,AATAAT@-40@19590203
568768,Y,19590255,19590291,Y:19590283:+,0.3042,+,0.09,5,0.3042,TE,ATTAAA@-30@19590254;AATAAA@-26@19590258
568769,Y,19590409,19590433,Y:19590433:+,1.6411,+,0.16,5,1.6411,TE,AATAAT@-51@19590383;AATAAA@-35@19590399;AATAAT@-21@19590413
568770,Y,19590729,19590730,Y:19590730:+,0.0105,+,0.0,1,0.0105,IN,AACAAA@-27@19590704;GATAAA@-18@19590713;AAGAAA@-13@19590718
568771,Y,19594052,19594083,Y:19594073:+,0.0791,+,0.04,1,0.0791,TE,AATGAA@-28@19594046;AGTAAA@-23@19594051
568772,Y,19594147,19594170,Y:19594170:+,1.4709,+,0.15,4,1.4709,TE,AATAAA@-32@19594139;AACAAA@-25@19594146
568773,Y,19595730,19595731,Y:19595731:-,0.0023,-,0.0,1,0.0023,AE,
568774,Y,19596107,19596145,Y:19596127:+,0.0713,+,0.0,1,0.0713,EX,AACAAA@-52@19596076;GATAAA@-36@19596092
568775,Y,19596182,19596183,Y:19596183:+,0.0578,+,0.0,1,0.0578,EX,
568776,Y,19597608,19597620,Y:19597617:+,0.0483,+,0.01,1,0.0483,EX,ATTAAA@-25@19597593
568777,Y,19599824,19599826,Y:19599825:+,0.0187,+,0.01,1,0.0187,EX,AATGAA@-33@19599793
568778,Y,19604210,19604233,Y:19604214:-,0.036,-,0.0,1,0.036,AE,
568779,Y,19604212,19604226,Y:19604224:+,0.0224,+,0.02,2,0.0224,TE,AATGAA@-28@19604197
568780,Y,19604537,19604570,Y:19604557:+,0.2469,+,0.1,5,0.2469,TE,AGTAAA@-35@19604523;AAGAAA@-16@19604542;AACAAG@-12@19604546
568781,Y,19604880,19604881,Y:19604881:+,0.0438,+,0.0,1,0.0438,TE,AAGAAA@-42@19604840
568782,Y,19605497,19605519,Y:19605512:+,0.0984,+,0.04,5,0.0984,TE,AATACA@-28@19605485
568783,Y,19605788,19605820,Y:19605814:+,3.3604,+,0.14,5,3.3604,TE,AAGAAA@-47@19605768;ATTAAA@-21@19605794
568784,Y,19605933,19605934,Y:19605934:+,0.005,+,0.0,1,0.005,TE,AATATA@-23@19605912
568785,Y,19605980,19605981,Y:19605981:+,0.0033,+,0.0,1,0.0033,TE,ATTACA@-18@19605964
568786,Y,19606065,19606092,Y:19606092:+,0.0116,+,0.01,2,0.0116,TE,GATAAA@-28@19606065
568787,Y,19607154,19607173,Y:19607163:+,0.0174,+,0.01,2,0.0174,DS,ATTACA@-52@19607112;AATAAT@-39@19607125;AATAGA@-36@19607128;AATAAA@-30@19607134;AATAAA@-18@19607146
568788,Y,19609830,19609857,Y:19609844:+,0.4383,+,0.09,4,0.4383,IG,AATAAA@-22@19609823
568789,Y,19612032,19612033,Y:19612033:+,0.0014,+,0.0,1,0.0014,IG,AATAAG@-54@19611980;TATAAA@-35@19611999;AACAAA@-24@19612010
568790,Y,19621492,19621493,Y:19621493:-,0.0003,-,0.0,1,0.0003,IG,AATGAA@-23@19621515
568791,Y,19678035,19678036,Y:19678036:-,0.007,-,0.0,1,0.007,IG,ATTAAA@-38@19678073;AAGAAA@-20@19678055
568792,Y,19691912,19691913,Y:19691913:+,0.0201,+,0.0,1,0.0201,IG,AAGAAA@-39@19691875
568793,Y,19691920,19691966,Y:19691945:-,0.7506,-,0.05,1,0.7506,TE,ATTAAA@-18@19691962
568794,Y,19691957,19691988,Y:19691971:+,0.3305,+,0.03,1,0.3305,IG,CATAAA@-50@19691922;AAGAAA@-40@19691932;AATAAT@-36@19691936
568795,Y,19692471,19692496,Y:19692472:-,0.3886,-,0.05,5,0.3886,TE,AATACA@-42@19692513;AATAAG@-13@19692484
568796,Y,19698846,19698854,Y:19698854:-,0.0213,-,0.02,1,0.0213,IG,TATAAA@-22@19698875;ATTAAA@-17@19698870
568797,Y,19699569,19699575,Y:19699573:-,0.1212,-,0.02,3,0.1212,IG,
568798,Y,19699606,19699673,Y:19699635:-,0.0343,-,0.02,2,0.0343,IG,AATAAA@-20@19699654
568799,Y,19702257,19702258,Y:19702258:-,0.0033,-,0.0,1,0.0033,IG,
568800,Y,19703861,19703887,Y:19703867:-,0.2748,-,0.08,5,0.2748,TE,AATAAA@-20@19703886
568801,Y,19704675,19704711,Y:19704676:-,0.0199,-,0.01,3,0.0199,TE,ATTATA@-49@19704724
568803,Y,19704801,19704802,Y:19704802:-,0.0011,-,0.01,1,0.0011,TE,
568804,Y,19705410,19705440,Y:19705425:-,20.1676,-,0.24,5,20.1676,TE,AATAAA@-23@19705447
568805,Y,19705443,19705444,Y:19705444:+,0.0065,+,0.02,1,0.0065,AE,
568807,Y,19705457,19705487,Y:19705487:+,1.4767,+,0.07,1,1.4767,AE,AACAAA@-37@19705451;AAGAAA@-32@19705456;AATGAA@-28@19705460;ATTAAA@-22@19705466
568808,Y,19705583,19705626,Y:19705606:-,1.1338,-,0.14,4,1.1338,TE,CATAAA@-21@19705626
568809,Y,19705668,19705680,Y:19705673:+,0.0372,+,0.03,1,0.0372,AE,AACAAA@-34@19705640;AACAAA@-27@19705647;AACAAA@-23@19705651
568810,Y,19705871,19705872,Y:19705872:+,0.0043,+,0.0,1,0.0043,AE,
568811,Y,19709996,19709997,Y:19709997:-,0.0041,-,0.0,1,0.0041,TE,ATTAAA@-43@19710039;AAGAAA@-24@19710020;ATTAAA@-10@19710006
568812,Y,19710153,19710154,Y:19710154:-,0.0075,-,0.0,1,0.0075,TE,AATAAT@-23@19710176;ATTAAA@-19@19710172
568813,Y,19712186,19712187,Y:19712187:-,0.0116,-,0.0,1,0.0116,IN,TATAAA@-53@19712239;AATAAT@-46@19712232;AATAAA@-43@19712229;GATAAA@-12@19712198
568814,Y,19725869,19725870,Y:19725870:+,0.0035,+,0.0,1,0.0035,AI,AATAAA@-15@19725856
568815,Y,19728814,19728815,Y:19728815:+,0.0004,+,0.0,1,0.0004,AI,TATAAA@-53@19728763;AACAAA@-47@19728769
568816,Y,19729548,19729558,Y:19729557:-,0.0653,-,0.01,2,0.0653,IN,TATAAA@-28@19729584;AACAAA@-23@19729579;AATAAA@-19@19729575
568817,Y,19732733,19732734,Y:19732734:-,0.0102,-,0.0,1,0.0102,EX,AACAAG@-51@19732784
568818,Y,19732941,19732942,Y:19732942:-,0.0114,-,0.0,1,0.0114,IN,TATAAA@-18@19732959
568819,Y,19736339,19736364,Y:19736340:-,0.0751,-,0.02,4,0.0751,IN,AATAAA@-36@19736375;AATAAA@-23@19736362;AATAGA@-7@19736346
568820,Y,19736383,19736384,Y:19736384:+,0.0087,+,0.0,1,0.0087,AI,ATTACA@-41@19736344
568821,Y,19757286,19757287,Y:19757287:+,0.0042,+,0.0,1,0.0042,IG,TATAAA@-21@19757267
568822,Y,19763708,19763729,Y:19763729:+,0.0033,+,0.0,1,0.0033,IG,AATAAA@-56@19763674;AACAAA@-23@19763707
568823,Y,19784558,19784559,Y:19784559:+,0.0007,+,0.0,1,0.0007,IG,AAGAAA@-15@19784545
568824,Y,19811446,19811447,Y:19811447:-,0.0029,-,0.0,1,0.0029,IG,ATTATA@-27@19811473;TATAAA@-25@19811471;AATAAT@-21@19811467
568825,Y,19875539,19875540,Y:19875540:+,0.0004,+,0.0,1,0.0004,IG,ATTAAA@-43@19875498;AATATA@-39@19875502
568826,Y,19876079,19876080,Y:19876080:-,0.0031,-,0.0,1,0.0031,IG,
568827,Y,19901422,19901423,Y:19901423:+,0.0007,+,0.0,1,0.0007,IG,AACAAA@-53@19901371
568828,Y,19904012,19904013,Y:19904013:-,0.0011,-,0.01,1,0.0011,IG,AGTAAA@-59@19904071
568829,Y,19926682,19926683,Y:19926683:+,0.0056,+,0.0,1,0.0056,IG,ATTAAA@-45@19926639
568830,Y,19941900,19941901,Y:19941901:-,0.0004,-,0.0,1,0.0004,IG,AATAAA@-49@19941949;ATTAAA@-36@19941936;AATAAA@-30@19941930;AATAAA@-17@19941917;AATAAA@-12@19941912
568831,Y,19969892,19969893,Y:19969893:+,0.0004,+,0.0,1,0.0004,IG,TATAAA@-57@19969837;ATTAAA@-48@19969846;AATAAG@-44@19969850;AAGAAA@-41@19969853;ATTAAA@-25@19969869;AAGAAA@-13@19969881
568832,Y,19976179,19976180,Y:19976180:-,0.0008,-,0.0,1,0.0008,IG,AACAAA@-53@19976232;AATAAA@-17@19976196
568833,Y,19976350,19976351,Y:19976351:-,0.0007,-,0.0,1,0.0007,IG,CATAAA@-54@19976404;AATAAA@-8@19976358
568834,Y,19976392,19976393,Y:19976393:+,0.0004,+,0.0,1,0.0004,IG,AATAAA@-55@19976339
568835,Y,20017490,20017491,Y:20017491:+,0.0004,+,0.0,1,0.0004,IG,AATATA@-60@20017432;ATTATA@-37@20017455
568836,Y,20023801,20023802,Y:20023802:+,0.0007,+,0.0,1,0.0007,IG,AACAAA@-22@20023781;AACAAA@-13@20023790
568837,Y,20024785,20024786,Y:20024786:-,0.004,-,0.0,1,0.004,IG,AATACA@-33@20024818
568838,Y,20047646,20047647,Y:20047647:-,0.0004,-,0.0,1,0.0004,IG,AAGAAA@-55@20047701
568839,Y,20357536,20357537,Y:20357537:+,0.0013,+,0.0,1,0.0013,IG,AATAAA@-23@20357515
568840,Y,20374556,20374557,Y:20374557:+,0.0029,+,0.0,1,0.0029,IG,AACAAA@-45@20374513;AAGAAA@-36@20374522;ATTAAA@-22@20374536;AATAAT@-17@20374541;ATTAAA@-13@20374545;ATTAAA@-8@20374550
568841,Y,20388465,20388466,Y:20388466:-,0.0006,-,0.0,1,0.0006,IG,ATTAAA@-24@20388489;AACAAA@-10@20388475
568842,Y,20395751,20395752,Y:20395752:-,0.0045,-,0.0,1,0.0045,AE,AATAAA@-21@20395772
568843,Y,20397324,20397330,Y:20397325:-,0.0261,-,0.02,3,0.0261,IG,AATAAA@-22@20397346
568844,Y,20428183,20428188,Y:20428188:-,0.0631,-,0.03,1,0.0631,IG,AATATA@-20@20428207
568845,Y,20433104,20433107,Y:20433107:-,0.0105,-,0.0,1,0.0105,IG,CATAAA@-18@20433124
568846,Y,20435928,20435929,Y:20435929:-,0.0087,-,0.0,1,0.0087,IG,AATATA@-22@20435950
568847,Y,20436441,20436442,Y:20436442:+,0.0004,+,0.0,1,0.0004,IG,ACTAAA@-47@20436396;AACAAA@-33@20436410;AACAAA@-27@20436416;AACAAA@-21@20436422;AACAAA@-12@20436431
568848,Y,20443548,20443549,Y:20443549:+,0.0014,+,0.0,1,0.0014,IG,TATAAA@-23@20443527;CATAAA@-11@20443539
568849,Y,20446173,20446174,Y:20446174:-,0.0062,-,0.0,1,0.0062,IG,AATAGA@-19@20446192
568850,Y,20448143,20448144,Y:20448144:-,0.0042,-,0.02,1,0.0042,IG,ACTAAA@-14@20448157
568851,Y,20455426,20455433,Y:20455427:-,0.0052,-,0.0,1,0.0052,IG,AATAAA@-28@20455454
568852,Y,20455942,20455943,Y:20455943:-,0.025,-,0.0,1,0.025,IG,ATTAAA@-19@20455961
568853,Y,20462365,20462366,Y:20462366:-,0.025,-,0.0,1,0.025,IG,
568854,Y,20465329,20465330,Y:20465330:-,0.0007,-,0.01,1,0.0007,DS,
568855,Y,20465446,20465455,Y:20465447:-,0.0144,-,0.01,2,0.0144,DS,ATTAAA@-22@20465468
568856,Y,20472044,20472045,Y:20472045:-,0.0004,-,0.0,1,0.0004,IN,AACAAA@-12@20472056
568857,Y,20485321,20485323,Y:20485323:+,0.0289,+,0.01,1,0.0289,AI,AATATA@-23@20485301
568858,Y,20490720,20490721,Y:20490721:-,0.0013,-,0.0,1,0.0013,IN,
568859,Y,20500392,20500393,Y:20500393:-,0.0007,-,0.0,1,0.0007,IN,GATAAA@-53@20500445;AACAAA@-13@20500405
568860,Y,20500424,20500425,Y:20500425:-,0.0081,-,0.0,1,0.0081,IN,AATAAT@-46@20500470;GATAAA@-21@20500445
568861,Y,20513714,20513715,Y:20513715:-,0.0042,-,0.0,1,0.0042,IN,
568862,Y,20519895,20519896,Y:20519896:+,0.0004,+,0.0,1,0.0004,AI,AATAGA@-25@20519872;AAGAAA@-19@20519878;AACAAA@-13@20519884;AACAAG@-9@20519888
568863,Y,20548619,20548620,Y:20548620:-,0.0011,-,0.0,1,0.0011,IN,
568864,Y,20562079,20562080,Y:20562080:-,0.0965,-,0.01,1,0.0965,IN,AATAAA@-38@20562117
568865,Y,20578104,20578105,Y:20578105:+,0.0033,+,0.0,1,0.0033,IN,AATAAA@-20@20578086
568866,Y,20579629,20579630,Y:20579630:+,0.001,+,0.0,1,0.001,EX,
568867,Y,20582600,20582616,Y:20582606:+,0.0219,+,0.01,3,0.0219,EX,
568868,Y,20582664,20582678,Y:20582678:+,0.1748,+,0.05,3,0.1748,EX,
568869,Y,20589560,20589561,Y:20589561:+,0.0198,+,0.0,1,0.0198,EX,
568870,Y,20592522,20592549,Y:20592523:-,0.0311,-,0.0,1,0.0311,AE,ATTACA@-39@20592561;AATAAA@-26@20592548
568871,Y,20592552,20592557,Y:20592553:+,0.0101,+,0.01,1,0.0101,TE,
568873,Y,20592568,20592569,Y:20592569:-,0.0049,-,0.0,1,0.0049,AE,
568875,Y,20592643,20592671,Y:20592671:+,0.027,+,0.06,4,0.027,TE,AATACA@-16@20592656
568876,Y,20592972,20592973,Y:20592973:+,0.0136,+,0.01,1,0.0136,TE,
568877,Y,20593107,20593110,Y:20593109:-,0.027,-,0.0,1,0.027,AE,
568878,Y,20593132,20593133,Y:20593133:-,0.0226,-,0.02,1,0.0226,AE,
568879,Y,20593146,20593163,Y:20593163:+,1.3017,+,0.18,5,1.3017,TE,ATTACA@-59@20593105;TATAAA@-50@20593114;AATGAA@-46@20593118;AATAAA@-28@20593136;TATAAA@-19@20593145
568880,Y,20595809,20595810,Y:20595810:+,0.0017,+,0.0,1,0.0017,IG,AATAAT@-40@20595771;AATAAA@-37@20595774;AATAAA@-31@20595780;AATAAA@-27@20595784;AATAAA@-23@20595788;AATAAT@-19@20595792;AATAAA@-16@20595795;AATAAA@-12@20595799;AATAAA@-8@20595803
568881,Y,20608890,20608891,Y:20608891:-,0.0017,-,0.0,1,0.0017,IG,GATAAA@-24@20608914
568882,Y,20728151,20728155,Y:20728152:-,0.0111,-,0.0,1,0.0111,IN,AACAAG@-50@20728201
568883,Y,20781075,20781091,Y:20781091:+,0.2669,+,0.02,2,0.2669,DS,ATTACA@-59@20781033;AATAAA@-25@20781067;AATGAA@-18@20781074
568884,Y,20810958,20810959,Y:20810959:+,0.0004,+,0.0,1,0.0004,AI,AATAAT@-45@20810915;AATAAT@-42@20810918;AATAAT@-39@20810921;AATAAT@-36@20810924;AATAAA@-33@20810927;AATAAA@-29@20810931;AATAAA@-25@20810935;AATAAA@-21@20810939;AATAAA@-16@20810944;AATAAA@-11@20810949
568885,Y,20828480,20828481,Y:20828481:+,0.0003,+,0.0,1,0.0003,IG,ATTACA@-22@20828460;AGTAAA@-15@20828467;AAGAAA@-10@20828472
568886,Y,20830936,20830937,Y:20830937:-,0.0052,-,0.0,1,0.0052,IG,ATTAAA@-8@20830944
568887,Y,20831064,20831065,Y:20831065:+,0.0018,+,0.01,1,0.0018,IG,AATAGA@-38@20831028;AGTAAA@-21@20831045;AATGAA@-10@20831056
568888,Y,20835152,20835153,Y:20835153:+,0.0003,+,0.0,1,0.0003,IG,
568889,Y,20841960,20841961,Y:20841961:+,0.0004,+,0.0,1,0.0004,IG,AATATA@-24@20841938;TATAAA@-20@20841942
568890,Y,20863385,20863386,Y:20863386:+,0.0003,+,0.0,1,0.0003,IG,ATTAAA@-8@20863379
568891,Y,20892485,20892491,Y:20892486:-,0.0242,-,0.01,1,0.0242,IG,ATTACA@-44@20892529
568892,Y,20907157,20907158,Y:20907158:-,0.0011,-,0.0,1,0.0011,DS,TATAAA@-22@20907179;AATAAT@-18@20907175
568893,Y,20909556,20909557,Y:20909557:-,0.0111,-,0.0,1,0.0111,IG,AATAAG@-25@20909581;AAGAAA@-22@20909578;AATATA@-16@20909572;AATATA@-11@20909567
568894,Y,20939286,20939287,Y:20939287:-,0.0011,-,0.01,1,0.0011,IG,ATTAAA@-15@20939301
568895,Y,20961164,20961165,Y:20961165:-,0.0153,-,0.0,1,0.0153,IG,AAGAAA@-31@20961195;AATATA@-27@20961191
568896,Y,21005842,21005843,Y:21005843:-,0.0004,-,0.0,1,0.0004,IG,AAGAAA@-60@21005902;ATTAAA@-54@21005896;AAGAAA@-49@21005891;AATAAA@-29@21005871;AAGAAA@-25@21005867;AAGAAA@-21@21005863;AAGAAA@-17@21005859;AATAAA@-13@21005855;AAGAAA@-9@21005851
568897,Y,21037469,21037471,Y:21037471:-,0.0042,-,0.01,1,0.0042,DS,CATAAA@-22@21037492
568898,Y,21096504,21096505,Y:21096505:+,0.0004,+,0.0,1,0.0004,IG,AAGAAA@-48@21096458;AACAAG@-44@21096462;ACTAAA@-31@21096475;AAGAAA@-11@21096495
568899,Y,21101430,21101431,Y:21101431:-,0.0021,-,0.0,1,0.0021,IG,
568900,Y,21107531,21107532,Y:21107532:-,0.0007,-,0.0,1,0.0007,IG,AGTAAA@-7@21107538
568901,Y,21109857,21109858,Y:21109858:+,0.0035,+,0.01,1,0.0035,IG,ATTAAA@-15@21109844
568902,Y,21133655,21133671,Y:21133656:-,0.0062,-,0.0,1,0.0062,IG,AATAAA@-52@21133707;AATAAA@-18@21133673
568903,Y,21134274,21134275,Y:21134275:-,0.0004,-,0.0,1,0.0004,IG,CATAAA@-45@21134319;AATAAT@-41@21134315;AACAAG@-30@21134304;AAGAAA@-27@21134301
568904,Y,21138667,21138668,Y:21138668:-,0.0004,-,0.0,1,0.0004,IG,GATAAA@-45@21138712
568905,Y,21170626,21170628,Y:21170627:+,0.0094,+,0.0,1,0.0094,IG,AATAAA@-26@21170602
568906,Y,21172969,21172979,Y:21172971:+,0.2128,+,0.02,2,0.2128,IG,AATAAA@-17@21172955;AACAAA@-13@21172959
568907,Y,21207652,21207663,Y:21207663:-,0.0077,-,0.0,1,0.0077,IG,ATTATA@-23@21207685;TATAAA@-21@21207683
568908,Y,21231757,21231790,Y:21231773:+,0.9883,+,0.02,1,0.9883,IG,ATTAAA@-18@21231756
568909,Y,21240255,21240277,Y:21240256:-,0.2678,-,0.03,3,0.2678,IG,AATAAT@-24@21240279;AATAAA@-21@21240276
568910,Y,21249237,21249243,Y:21249243:-,0.0153,-,0.0,1,0.0153,IG,AATAAT@-24@21249266;AATAAA@-21@21249263
568911,Y,21254341,21254371,Y:21254365:+,0.4433,+,0.02,1,0.4433,IG,CATAAA@-48@21254318;ATTAAA@-33@21254333;AATAAT@-29@21254337;AATAAA@-26@21254340
568912,Y,21257651,21257652,Y:21257652:-,0.0017,-,0.0,1,0.0017,IG,AAGAAA@-55@21257706;AATAGA@-33@21257684;AACAAA@-15@21257666
568913,Y,21257676,21257696,Y:21257696:+,0.0904,+,0.0,1,0.0904,IG,
568914,Y,21257692,21257698,Y:21257697:-,0.1801,-,0.02,1,0.1801,IG,AATAAA@-43@21257739;AGTAAA@-35@21257731;AATATA@-26@21257722;TATAAA@-22@21257718;ATTAAA@-16@21257712;AAGAAA@-10@21257706
568915,Y,21257895,21257924,Y:21257918:+,5.2457,+,0.06,1,5.2457,IG,AATAGA@-25@21257894;ATTAAA@-18@21257901
568916,Y,21261179,21261180,Y:21261180:+,0.0011,+,0.0,1,0.0011,IG,AAGAAA@-23@21261158
568917,Y,21277321,21277322,Y:21277322:-,0.0052,-,0.0,1,0.0052,IG,AAGAAA@-59@21277380;AACAAG@-55@21277376;GATAAA@-50@21277371
568918,Y,21279150,21279180,Y:21279172:+,0.1215,+,0.01,1,0.1215,IG,ATTATA@-20@21279153
568919,Y,21283017,21283019,Y:21283018:-,0.0043,-,0.0,1,0.0043,IG,
568920,Y,21291702,21291703,Y:21291703:-,0.0014,-,0.0,1,0.0014,IG,AATAGA@-28@21291730;ATTAAA@-23@21291725
568921,Y,21292000,21292026,Y:21292021:+,0.1557,+,0.01,1,0.1557,IG,AATAAA@-35@21291987;AATATA@-31@21291991
568922,Y,21311241,21311242,Y:21311242:-,0.0004,-,0.0,1,0.0004,AU,
568923,Y,21319076,21319077,Y:21319077:+,0.0004,+,0.0,1,0.0004,DS,AACAAA@-57@21319021;AATAAA@-34@21319044;AACAAA@-28@21319050;AAGAAA@-24@21319054;AAGAAA@-20@21319058;AATAAA@-11@21319067;AAGAAA@-7@21319071
568924,Y,21365904,21365905,Y:21365905:+,0.0337,+,0.02,1,0.0337,IG,
568925,Y,21381905,21381911,Y:21381906:-,0.05,-,0.02,1,0.05,IG,AATAAT@-60@21381965;AATAAA@-25@21381930
568926,Y,21382327,21382343,Y:21382328:-,0.0246,-,0.01,1,0.0246,DS,CATAAA@-23@21382350
568927,Y,21382623,21382624,Y:21382624:-,0.0004,-,0.0,1,0.0004,DS,AATAAG@-59@21382682;AATAAA@-26@21382649;ATTAAA@-11@21382634
568928,Y,21383388,21383389,Y:21383389:-,0.0003,-,0.0,1,0.0003,IN,AATATA@-27@21383415;AACAAA@-13@21383401
568929,Y,21455901,21455902,Y:21455902:-,0.0031,-,0.0,1,0.0031,IG,AACAAG@-43@21455944;AAGAAA@-40@21455941;AAGAAA@-33@21455934;AAGAAA@-29@21455930;AAGAAA@-16@21455917
568930,Y,21460233,21460234,Y:21460234:+,0.0018,+,0.01,1,0.0018,IG,AATAAA@-16@21460219
568931,Y,21604599,21604600,Y:21604600:-,0.0014,-,0.0,1,0.0014,IN,
568932,Y,21607045,21607046,Y:21607046:+,0.0029,+,0.0,1,0.0029,IG,TATAAA@-37@21607010;AATAAA@-20@21607027
568933,Y,21609990,21609991,Y:21609991:-,0.0004,-,0.0,1,0.0004,IG,
568934,Y,21640543,21640544,Y:21640544:-,0.0011,-,0.0,1,0.0011,IG,AATACA@-28@21640571;ATTAAA@-17@21640560
568935,Y,21646010,21646011,Y:21646011:+,0.0007,+,0.0,1,0.0007,IG,AATAAA@-45@21645967;GATAAA@-26@21645986;AAGAAA@-22@21645990;AAGAAA@-16@21645996;AATAAA@-7@21646005
568936,Y,21729387,21729388,Y:21729388:-,0.0004,-,0.0,1,0.0004,IG,AATGAA@-45@21729432;AACAAG@-41@21729428;ATTAAA@-14@21729401
568937,Y,21754470,21754471,Y:21754471:+,0.0004,+,0.0,1,0.0004,IG,
568938,Y,21817751,21817752,Y:21817752:+,0.0013,+,0.0,1,0.0013,AE,
568939,Y,21828311,21828312,Y:21828312:-,0.001,-,0.0,1,0.001,AI,AACAAA@-12@21828323
568940,Y,21830980,21830981,Y:21830981:+,0.0004,+,0.0,1,0.0004,IN,AACAAA@-24@21830958;AACAAA@-17@21830965
568941,Y,21839153,21839170,Y:21839155:+,0.0221,+,0.01,3,0.0221,EX,AATAAA@-15@21839141
568942,Y,21871260,21871261,Y:21871261:-,0.0004,-,0.0,1,0.0004,AU,
568943,Y,21992890,21992891,Y:21992891:+,0.0004,+,0.0,1,0.0004,IN,ATTAAA@-37@21992855;AATACA@-19@21992873
568944,Y,22026796,22026797,Y:22026797:+,0.0004,+,0.0,1,0.0004,IG,ATTAAA@-33@22026765;AATAAT@-14@22026784;AATAAA@-11@22026787
568945,Y,22120542,22120543,Y:22120543:-,0.0004,-,0.0,1,0.0004,IN,AATAAA@-20@22120562;AATACA@-16@22120558
568946,Y,22164628,22164629,Y:22164629:-,0.0036,-,0.0,1,0.0036,IG,AATAAT@-50@22164678
568947,Y,22171824,22171825,Y:22171825:+,0.0014,+,0.0,1,0.0014,AI,AAGAAA@-30@22171796
568948,Y,22219703,22219704,Y:22219704:+,0.0014,+,0.0,1,0.0014,IG,AATAAT@-59@22219646;AATAAG@-49@22219656;AAGAAA@-31@22219674;AACAAA@-25@22219680;AACAAA@-20@22219685;AACAAA@-15@22219690
568949,Y,22226727,22226728,Y:22226728:-,0.0087,-,0.0,1,0.0087,IG,AACAAG@-7@22226734
568950,Y,22234840,22234846,Y:22234841:-,0.0074,-,0.0,1,0.0074,IG,ATTATA@-40@22234880;AATAAA@-23@22234863
568951,Y,22247491,22247492,Y:22247492:-,0.0004,-,0.0,1,0.0004,IG,AATACA@-36@22247527;AAGAAA@-7@22247498
568952,Y,22289508,22289509,Y:22289509:+,0.0004,+,0.0,1,0.0004,IG,AATAAA@-59@22289451;AATAAA@-43@22289467;AATAAA@-39@22289471;AATAAA@-35@22289475;AATAAA@-31@22289479;AATAAA@-27@22289483;AATAAA@-22@22289488;AATAAA@-17@22289493;AATAAA@-13@22289497
568953,Y,22333166,22333171,Y:22333171:+,0.0074,+,0.0,1,0.0074,DS,AATGAA@-52@22333120;AATAAA@-26@22333146
568954,Y,22356481,22356482,Y:22356482:-,0.0004,-,0.0,1,0.0004,IG,AATAAT@-34@22356515;AAGAAA@-23@22356504
568955,Y,22359595,22359601,Y:22359596:-,0.0074,-,0.0,1,0.0074,IG,AATACA@-53@22359648;AATAAA@-35@22359630;AATAAA@-29@22359624;AATAAA@-14@22359609
568956,Y,22363283,22363284,Y:22363284:+,0.0004,+,0.0,1,0.0004,IG,
568957,Y,22737882,22737883,Y:22737883:-,0.0004,-,0.0,1,0.0004,IG,GATAAA@-48@22737930;AATACA@-29@22737911
568958,Y,23094725,23094726,Y:23094726:+,0.0018,+,0.0,1,0.0018,IG,AAGAAA@-24@23094703;AAGAAA@-19@23094708
568959,Y,23100213,23100214,Y:23100214:-,0.0004,-,0.0,1,0.0004,IG,AAGAAA@-32@23100245;AAGAAA@-27@23100240
568960,Y,23188141,23188142,Y:23188142:+,0.0004,+,0.0,1,0.0004,AI,
568961,Y,23258082,23258083,Y:23258083:-,0.0008,-,0.0,1,0.0008,AI,
568962,Y,23374131,23374132,Y:23374132:-,0.0031,-,0.02,1,0.0031,IG,CATAAA@-53@23374184;AATAAA@-47@23374178;AACAAA@-42@23374173
568963,Y,23425119,23425120,Y:23425120:+,0.0004,+,0.0,1,0.0004,IG,
568964,Y,23511841,23511842,Y:23511842:-,0.0014,-,0.0,1,0.0014,IG,AACAAA@-16@23511857;AAGAAA@-10@23511851
568965,Y,23730157,23730158,Y:23730158:-,0.0003,-,0.0,1,0.0003,IG,ACTAAA@-31@23730188;AATAAT@-15@23730172;AATAAA@-12@23730169
568966,Y,23839232,23839233,Y:23839233:-,0.0004,-,0.0,1,0.0004,IG,AACAAA@-37@23839269;ATTAAA@-25@23839257;AAGAAA@-21@23839253;AAGAAA@-10@23839242
568967,Y,23867860,23867861,Y:23867861:+,0.0021,+,0.0,1,0.0021,IG,AATAAA@-7@23867855
568968,Y,23920212,23920237,Y:23920213:-,0.0071,-,0.01,1,0.0071,AI,
568969,Y,23932912,23932913,Y:23932913:-,0.0004,-,0.0,1,0.0004,IG,ACTAAA@-36@23932948
568970,Y,24139935,24139936,Y:24139936:-,0.0047,-,0.0,1,0.0047,IG,AATAAA@-54@24139989;AATAAA@-47@24139982;AATAAA@-41@24139976;AATAAA@-36@24139971;AATAAA@-31@24139966;AATAAA@-26@24139961;AATAAA@-21@24139956;AATAAA@-16@24139951;AATAAA@-11@24139946
568971,Y,24175308,24175314,Y:24175312:-,0.0636,-,0.01,1,0.0636,IG,AATAAT@-34@24175345
568972,Y,24229667,24229668,Y:24229668:-,0.0006,-,0.0,1,0.0006,IG,CATAAA@-44@24229711;AATAAA@-40@24229707;AATAAA@-36@24229703;AATATA@-32@24229699;TATAAA@-28@24229695;AATAAA@-20@24229687;AATAAA@-16@24229683;AATAAA@-10@24229677
568973,Y,24252420,24252421,Y:24252421:-,0.0018,-,0.01,1,0.0018,IG,CATAAA@-55@24252475;CATAAA@-27@24252447;AATAAA@-20@24252440;ATTAAA@-11@24252431
568974,Y,24269601,24269602,Y:24269602:-,0.0038,-,0.0,1,0.0038,IG,AATAAG@-33@24269634;ACTAAA@-18@24269619
568975,Y,25000884,25000885,Y:25000885:-,0.0021,-,0.0,1,0.0021,IG,AACAAA@-49@25000933;AATGAA@-43@25000927;CATAAA@-28@25000912
568976,Y,25173624,25173625,Y:25173625:-,0.0013,-,0.0,1,0.0013,AU,AATAAA@-54@25173678
568977,Y,25266543,25266544,Y:25266544:-,0.0004,-,0.0,1,0.0004,AU,AATAAA@-25@25266568;AATAAA@-18@25266561;AATAAA@-10@25266553
568978,Y,25296634,25296635,Y:25296635:-,0.0025,-,0.0,1,0.0025,IG,
568979,Y,25377473,25377474,Y:25377474:-,0.0004,-,0.0,1,0.0004,DS,AATACA@-41@25377514;AATACA@-16@25377489
568980,Y,25400542,25400544,Y:25400543:+,0.039,+,0.04,1,0.039,IG,AATAAG@-32@25400512;ACTAAA@-17@25400527
568981,Y,25492929,25492930,Y:25492930:-,0.0111,-,0.0,1,0.0111,IG,AATACA@-28@25492957;ATTAAA@-20@25492949
568982,Y,25723629,25723630,Y:25723630:+,0.0011,+,0.0,1,0.0011,EX,AATAAA@-8@25723623
568983,Y,25724347,25724348,Y:25724348:+,0.0014,+,0.0,1,0.0014,DS,AAGAAA@-30@25724319;AAGAAA@-11@25724338;AATAAA@-7@25724342
568984,Y,25730221,25730222,Y:25730222:-,0.0074,-,0.0,1,0.0074,IN,TATAAA@-17@25730238
568985,Y,25815215,25815217,Y:25815216:-,0.0074,-,0.0,1,0.0074,IG,TATAAA@-40@25815255;AATAAA@-25@25815240;ATTACA@-15@25815230
568986,Y,25953641,25953642,Y:25953642:-,0.0004,-,0.0,1,0.0004,AE,
568987,Y,26011105,26011106,Y:26011106:-,0.0004,-,0.0,1,0.0004,AU,AATGAA@-12@26011117
568988,Y,26222070,26222071,Y:26222071:-,0.0153,-,0.0,1,0.0153,IG,
568989,Y,26293012,26293013,Y:26293013:-,0.0014,-,0.0,1,0.0014,IN,ACTAAA@-27@26293039;AATAAA@-21@26293033
568990,Y,26309093,26309095,Y:26309094:-,0.0148,-,0.0,1,0.0148,IN,
568991,Y,26328436,26328437,Y:26328437:+,0.0013,+,0.0,1,0.0013,AI,AATAAA@-19@26328419;AATAAA@-12@26328426
568992,Y,26348462,26348463,Y:26348463:-,0.0044,-,0.0,1,0.0044,EX,AGTAAA@-11@26348473
568993,Y,26390437,26390459,Y:26390439:-,0.0124,-,0.0,1,0.0124,IG,ATTAAA@-23@26390461
568994,Y,26442850,26442851,Y:26442851:-,0.0004,-,0.0,1,0.0004,IG,
568995,Y,26483094,26483111,Y:26483095:-,0.0149,-,0.01,2,0.0149,IG,ATTAAA@-45@26483139;AATAAA@-39@26483133;ATTAAA@-33@26483127;AATAAA@-25@26483119;AATATA@-19@26483113
568996,Y,26545766,26545767,Y:26545767:+,0.0004,+,0.0,1,0.0004,IN,AATAAA@-17@26545751
568997,Y,26576302,26576303,Y:26576303:+,0.0007,+,0.0,1,0.0007,IN,AATACA@-53@26576251;AATAAA@-46@26576258;AGTAAA@-32@26576272
568998,Y,26610702,26610703,Y:26610703:+,0.0007,+,0.0,1,0.0007,AI,AATAAT@-29@26610675
568999,Y,26622556,26622557,Y:26622557:-,0.0004,-,0.0,1,0.0004,EX,AAGAAA@-48@26622604;AACAAA@-44@26622600;ATTAAA@-21@26622577;AGTAAA@-12@26622568;AAGAAA@-8@26622564
569000,Y,26626072,26626073,Y:26626073:-,0.0036,-,0.01,2,0.0036,IN,AATAAA@-29@26626101
569001,Y,56728167,56728173,Y:56728173:+,0.0063,+,0.0,1,0.0063,IG,AATATA@-30@56728144;AATGAA@-15@56728159
569002,Y,56734804,56734815,Y:56734815:+,0.0105,+,0.0,1,0.0105,IG,AATAGA@-48@56734768
569003,Y,56822630,56822631,Y:56822631:-,0.0022,-,0.0,1,0.0022,IG,AGTAAA@-42@56822672;AATAAA@-13@56822643;AACAAA@-8@56822638
569004,Y,56856665,56856666,Y:56856666:+,0.0011,+,0.0,1,0.0011,IG,AATAAA@-24@56856643
